	 SFG_L 	 SFG_R 	 SFG_PFC_L 	 SFG_PFC_R 	 SFG_pole_L 	 SFG_pole_R 	 MFG_L 	 MFG_R 	 MFG_DPFC_L 	 MFG_DPFC_R 	 IFG_opercularis_L 	 IFG_opercularis_R 	 IFG_orbitalis_L 	 IFG_orbitalis_R 	 IFG_triangularis_L 	 IFG_triangularis_R 	 LFOG_L 	 LFOG_R 	 MFOG_L 	 MFOG_R 	 RG_L 	 RG_R 	 PoCG_L 	 PoCG_R 	 PrCG_L 	 PrCG_R 	 SPG_L 	 SPG_R 	 SMG_L 	 SMG_R 	 AG_L 	 AG_R 	 PrCu_L 	 PrCu_R 	 STG_L 	 STG_R 	 STG_L_pole 	 STG_R_pole 	 MTG_L 	 MTG_R 	 MTG_L_pole 	 MTG_R_pole 	 ITG_L 	 ITG_R 	 FuG_L 	 FuG_R 	 SOG_L 	 SOG_R 	 MOG_L 	 MOG_R 	 IOG_L 	 IOG_R 	 Cu_L 	 Cu_R 	 LG_L 	 LG_R 	 rostral_ACC_L 	 rostral_ACC_R 	 subcallosal_ACC_L 	 subcallosal_ACC_R 	 subgenual_ACC_L 	 subgenual_ACC_R 	 dorsal_ACC_L 	 dorsal_ACC_R 	 PCC_L 	 PCC_R 	 Insula_L 	 Insula_R 	 CerebellumGM_L 	 CerebellumGM_R 	 Caud_L 	 Caud_R 	 Put_L 	 Put_R 	 GP_L 	 GP_R 	 Thalamus_L 	 Thalamus_R 	
 SFG_L 	1	0.57442	0.46599	0.2327	0.12744	-0.0024255	0.68779	0.40258	0.41468	0.065309	0.28555	0.14216	0.29744	0.11435	0.054105	0.044996	0.062994	0.0013346	0.16627	-0.030399	0.31593	0.035979	0.11461	0.15074	0.14808	0.17466	0.22615	0.29527	-0.039029	0.030814	0.42754	0.19385	0.44298	0.23239	0.0076499	0.095408	0.0013291	-0.19397	0.46416	0.31828	0.17226	0.17521	0.40596	0.32325	0.088401	0.23377	0.13214	-0.056383	0.24416	0.19674	0.070258	0.061642	-0.17121	-0.2224	-0.18815	-0.036362	-0.0023174	-0.042356	0.051024	0.074441	-0.15257	0.40335	0.35216	0.11115	0.33866	0.22194	-0.098376	-0.2584	0.13219	0.24216	0.0039843	0.045811	0.055331	0.12538	-0.038945	-0.015592	0.22405	0.25328	
 SFG_R 	0.57442	1	0.092607	0.11705	-0.18183	-0.2712	0.26313	0.30449	0.28741	0.27102	0.04342	0.27308	0.11867	0.31766	0.02976	0.25743	0.26167	-0.014191	0.16863	0.14458	0.25628	-0.065803	0.42889	0.47295	0.46471	0.52934	0.3756	0.56304	0.26532	0.36982	0.025152	0.12763	0.16616	0.29199	0.44706	0.38761	0.24972	0.26715	0.24205	0.46969	0.21582	0.16213	0.34356	0.50529	0.31387	0.45542	0.29528	0.18567	0.24158	0.32153	0.3553	0.41578	-0.063976	-0.093855	-0.025464	0.095282	-0.023547	-0.1037	0.34361	0.18294	0.08044	0.36431	0.34647	0.48629	-0.10086	-0.093149	0.1151	0.16654	0.32209	0.29831	-0.0061518	0.045654	-0.078675	0.096944	0.12692	0.068781	0.029609	0.1604	
 SFG_PFC_L 	0.46599	0.092607	1	0.72127	0.51849	0.33705	0.40377	0.15559	0.34383	0.0054343	0.12152	-0.17348	0.34537	0.029077	0.33266	0.091463	0.073882	-0.12413	0.00010297	-0.19673	0.33019	0.27639	-0.38433	-0.29752	-0.33692	-0.31007	-0.30456	-0.30277	-0.29768	-0.44564	0.41475	0.10635	0.27295	0.16606	-0.3592	-0.28492	-0.025918	-0.21854	0.32691	0.090836	0.049272	0.12012	0.236	0.22479	-0.082687	-0.11774	-0.34538	-0.36504	0.12376	-0.15335	-0.25874	-0.23839	-0.32594	-0.37441	-0.2332	-0.26111	0.52047	0.49049	0.103	0.2093	0.11548	0.19532	-0.036934	0.1149	0.69	0.43357	0.022383	-0.38049	-0.18561	-0.048282	0.18149	0.17649	-0.0095526	-0.017425	-0.081721	-0.087405	0.094375	0.148	
 SFG_PFC_R 	0.2327	0.11705	0.72127	1	0.43358	0.4131	0.22671	0.32827	0.37097	0.36017	-0.02559	0.05447	0.34027	0.3669	0.10904	0.2094	0.070211	-0.0070444	0.085466	0.019074	0.30908	0.31485	-0.35308	-0.32356	-0.30335	-0.34114	-0.37341	-0.25813	-0.17999	-0.42357	0.39672	0.36261	0.19871	0.30816	-0.29666	-0.28766	0.079841	0.01515	0.067516	0.12694	0.011441	0.085128	0.27461	0.3081	-0.05951	-0.12737	-0.335	-0.33793	0.069981	-0.15458	-0.26383	-0.21486	-0.28527	-0.29289	-0.19616	-0.18955	0.61342	0.56941	0.29384	0.32322	0.1592	0.20787	-0.00090533	0.21278	0.53368	0.45849	0.14566	-0.1719	-0.075389	0.0061219	0.19474	0.14348	-0.17238	-0.15935	-0.14516	0.057351	0.031602	0.15592	
 SFG_pole_L 	0.12744	-0.18183	0.51849	0.43358	1	0.7532	0.06861	-0.21488	-0.10748	-0.28724	-0.048255	-0.51085	-0.015309	-0.26949	0.068921	-0.11252	0.29019	0.10841	0.32643	0.097364	0.46329	0.60679	-0.18258	-0.10907	-0.1645	-0.16944	-0.17693	-0.36861	-0.35333	-0.26138	-0.056751	-0.27853	0.11546	-0.12338	-0.25661	-0.23742	-0.048634	-0.16619	0.11077	0.10772	0.080883	0.2322	0.046142	0.018208	-0.13723	-0.12012	-0.13132	-0.045255	0.063232	-0.047638	-0.18921	-0.22338	0.046476	0.057602	0.2169	0.17227	0.51302	0.4563	-0.0095769	0.17819	0.27326	0.39422	-0.031083	-0.015363	0.47317	0.17475	0.037466	-0.37083	-0.12679	0.053632	-0.053119	0.011567	-0.07676	-0.11179	-0.10128	0.078831	-0.054539	-0.19376	
 SFG_pole_R 	-0.0024255	-0.2712	0.33705	0.4131	0.7532	1	0.058838	-0.0039495	-0.012255	-0.023688	-0.20274	-0.36087	-0.0677	-0.14961	-0.12951	-0.10194	0.19938	0.39307	0.2841	0.26865	0.25279	0.67391	-0.098954	-0.015358	-0.14923	-0.16035	-0.19287	-0.31166	-0.39127	-0.36611	0.02605	-0.071521	0.082348	-0.024544	-0.21837	-0.20723	-0.13267	-0.1453	-0.022623	0.049482	-0.042773	0.0033798	-0.0085227	-0.08746	-0.28351	-0.28759	-0.18346	-0.16755	-0.043248	-0.1006	-0.19961	-0.14466	-0.016772	-0.0058025	0.073778	0.04874	0.37094	0.45396	-0.19659	0.2715	0.27558	0.16454	-0.055451	-0.052932	0.45568	0.33985	0.012068	-0.27733	-0.12466	-0.056701	0.080087	0.077189	-0.03509	-0.088819	-0.0054141	0.19646	0.016178	0.0092803	
 MFG_L 	0.68779	0.26313	0.40377	0.22671	0.06861	0.058838	1	0.70336	0.73402	0.37751	0.57135	0.34264	0.48639	0.28724	0.056903	-0.10527	0.10595	0.16517	0.23633	0.10263	0.32587	0.023215	-0.10006	-0.1206	-0.16815	-0.14662	0.17518	0.23383	-0.092232	-0.17554	0.68374	0.51361	0.53409	0.42585	-0.23034	-0.085871	-0.16868	-0.29144	0.4614	0.13433	-0.082994	0.24509	0.4774	0.36623	0.12531	0.16254	0.031541	-0.059495	0.32736	0.22287	0.068485	-0.062809	-0.082181	-0.14554	-0.16376	-0.088191	-0.068869	-0.065543	-0.059554	-0.027833	-0.097012	0.34671	0.15272	-0.13153	0.45787	0.38638	-0.11778	-0.24129	0.23488	0.32493	-0.081464	0.03291	-0.017688	-0.020984	0.011197	-0.13397	0.10744	0.23169	
 MFG_R 	0.40258	0.30449	0.15559	0.32827	-0.21488	-0.0039495	0.70336	1	0.70436	0.7435	0.25848	0.62564	0.43653	0.56849	-0.26378	0.056161	-0.063121	0.29591	0.17527	0.24516	0.16074	-0.056888	-0.053446	-0.12239	-0.17347	-0.14105	0.078117	0.25947	0.0091339	-0.25931	0.62375	0.79542	0.46614	0.63273	-0.18907	-0.11088	-0.18663	-0.15523	0.085978	0.091897	-0.14077	0.018224	0.35854	0.32703	0.060846	0.081625	0.02227	-0.10045	0.30373	0.2012	0.029554	-0.0021481	-0.09966	-0.15984	-0.2064	-0.14456	-0.2337	-0.15839	-0.068836	-0.047682	-0.12019	0.091495	0.15288	-0.12787	0.28094	0.45492	-0.12948	-0.11903	0.25107	0.16142	0.044988	-0.055689	-0.11656	-0.079948	0.049775	0.070562	0.050423	0.27505	
 MFG_DPFC_L 	0.41468	0.28741	0.34383	0.37097	-0.10748	-0.012255	0.73402	0.70436	1	0.67794	0.45402	0.47232	0.59454	0.58543	0.087398	0.13727	0.26325	0.1395	0.20614	0.16308	0.18775	-0.13173	-0.18279	-0.19116	-0.24976	-0.19245	-0.024303	0.10294	0.029109	-0.2602	0.72819	0.59551	0.45505	0.49241	-0.28345	-0.19683	-0.16161	-0.1794	0.13323	0.043715	-0.11522	0.11604	0.29822	0.32556	-0.043588	0.0078795	-0.12414	-0.12987	0.17698	0.0098518	-0.11633	-0.11287	-0.12154	-0.17542	-0.28954	-0.22287	-0.042958	-0.056756	0.11643	0.021981	0.002365	0.10993	0.1133	0.08784	0.39818	0.43634	0.067217	-0.14635	0.075825	0.056818	0.084217	0.11922	0.0045084	0.032708	0.087337	-0.076626	0.14056	0.31476	
 MFG_DPFC_R 	0.065309	0.27102	0.0054343	0.36017	-0.28724	-0.023688	0.37751	0.7435	0.67794	1	0.13544	0.55971	0.24317	0.66753	-0.18673	0.14986	0.1567	0.25424	0.2553	0.37411	0.040441	-0.12246	-0.15748	-0.21026	-0.27568	-0.22819	-0.064484	0.13285	0.16236	-0.21396	0.37804	0.61711	0.22436	0.58106	-0.10239	-0.13563	-0.10052	0.1052	-0.05744	0.08415	-0.10325	0.051818	0.24588	0.32096	0.10584	0.074879	-0.096311	-0.11443	0.1021	0.083506	0.006369	0.040867	-0.16241	-0.19012	-0.25776	-0.27493	-0.14839	-0.0083528	0.053475	0.036327	0.02768	0.033222	0.061993	0.15151	0.083108	0.32278	0.02836	0.097386	0.15839	0.044229	0.08926	0.017834	-0.05345	0.012459	0.11937	0.073258	0.035031	0.24135	
 IFG_opercularis_L 	0.28555	0.04342	0.12152	-0.02559	-0.048255	-0.20274	0.57135	0.25848	0.45402	0.13544	1	0.38648	0.43963	0.12294	0.43691	0.006968	0.11772	-0.069502	0.076646	-0.10002	0.19115	-0.20014	-0.16493	-0.18259	-0.061643	-0.018679	0.076537	0.068624	0.21205	0.11862	0.44745	0.25408	0.18355	0.14724	-0.074929	0.13068	0.061335	-0.054011	0.31247	0.019729	-0.15934	0.30701	0.25061	0.20605	0.135	0.12138	0.09802	0.12547	0.16741	0.072496	-0.0077257	-0.20248	0.04284	0.058171	-0.0024413	0.02718	-0.091405	-0.22317	0.10492	-0.076614	-0.10217	0.27356	-0.037761	-0.15941	0.082465	-0.087284	0.1225	0.036819	0.20601	0.27745	-0.30376	-0.12738	0.042408	-0.06135	-0.06774	-0.24154	0.034129	-0.026601	
 IFG_opercularis_R 	0.14216	0.27308	-0.17348	0.05447	-0.51085	-0.36087	0.34264	0.62564	0.47232	0.55971	0.38648	1	0.40307	0.56598	0.031891	0.43401	-0.15772	-0.015066	-0.025762	0.013919	-0.14699	-0.35525	-0.00013506	-0.094453	0.040782	0.10553	-0.007366	0.1331	0.25113	0.088645	0.36961	0.59913	0.16757	0.39746	0.15217	0.29072	0.057262	0.21163	0.021204	0.12872	-0.14464	0.019409	0.17403	0.24394	0.061285	0.10306	0.094461	0.020867	0.095927	0.035398	0.062707	-0.036576	0.039525	0.0050694	-0.15231	-0.11533	-0.42184	-0.18416	0.10534	-0.13647	-0.2093	-0.14496	0.17278	0.033453	-0.085701	0.11606	0.11574	0.39739	0.31833	0.16721	-0.10583	-0.11067	0.0092739	0.023341	-0.076643	-0.026385	0.12431	0.10773	
 IFG_orbitalis_L 	0.29744	0.11867	0.34537	0.34027	-0.015309	-0.0677	0.48639	0.43653	0.59454	0.24317	0.43963	0.40307	1	0.56602	0.22502	0.24189	0.064581	0.12992	-0.0011473	-0.034494	0.011043	-0.16831	-0.093547	-0.081249	-0.10085	-0.046184	-0.26834	-0.10921	-0.031271	-0.18286	0.7201	0.44441	0.11979	0.1314	-0.17005	-0.0013594	0.14456	-0.017799	0.22349	0.045616	0.020177	0.14609	0.36556	0.28257	-0.1519	-0.018004	-0.29866	-0.26474	-0.024381	-0.21784	-0.28516	-0.27824	-0.23542	-0.22337	-0.29956	-0.19086	0.07548	-0.10659	0.076835	0.0048001	-0.11891	0.07747	0.21178	-0.092979	0.28744	0.15396	0.14978	-0.017298	-0.028475	-0.0047423	0.078947	0.15445	0.018478	0.023923	-0.10649	-0.083151	0.0028275	0.16224	
 IFG_orbitalis_R 	0.11435	0.31766	0.029077	0.3669	-0.26949	-0.14961	0.28724	0.56849	0.58543	0.66753	0.12294	0.56598	0.56602	1	-0.12443	0.33385	0.078461	0.26039	0.18495	0.29166	-0.0080028	-0.20044	-0.052375	-0.10279	-0.067762	-0.021687	-0.13151	0.0753	0.16613	-0.12437	0.46851	0.58209	0.11498	0.36886	-0.01885	0.021679	0.061103	0.18372	-0.071467	0.040168	-0.089637	0.041746	0.20566	0.29555	-0.02861	-0.035888	-0.15973	-0.12491	0.045017	-0.043396	-0.14074	-0.084622	-0.16001	-0.14816	-0.24478	-0.18359	-0.036049	-0.096817	0.17139	0.028094	-0.14323	-0.052201	0.20712	0.15993	0.0098923	0.16897	0.15008	0.25617	0.072326	-0.029537	0.14199	0.079515	0.005394	0.098637	0.07741	0.067122	-0.062913	0.16941	
 IFG_triangularis_L 	0.054105	0.02976	0.33266	0.10904	0.068921	-0.12951	0.056903	-0.26378	0.087398	-0.18673	0.43691	0.031891	0.22502	-0.12443	1	0.33329	0.20691	-0.40404	-0.21182	-0.35664	0.11963	-0.084882	-0.10868	-0.019735	0.035051	0.02025	-0.13299	-0.1726	0.087643	0.11581	0.053933	-0.2255	-0.2688	-0.21899	0.18282	0.22073	0.33258	0.23784	0.46739	0.28503	0.052269	0.18799	0.085269	0.21066	0.18817	0.19533	-0.070081	-0.011201	-0.064561	-0.04262	0.055419	0.10449	-0.082181	-0.072301	0.01201	-0.02847	0.25525	0.17157	0.23198	0.13524	0.23563	-0.041015	0.010397	0.14632	0.12889	-0.13284	0.30965	0.12879	-0.028803	0.061257	-0.094752	-0.010147	0.18385	0.10555	-0.036123	-0.1539	-0.017354	-0.20308	
 IFG_triangularis_R 	0.044996	0.25743	0.091463	0.2094	-0.11252	-0.10194	-0.10527	0.056161	0.13727	0.14986	0.006968	0.43401	0.24189	0.33385	0.33329	1	0.069668	-0.14307	-0.16018	-0.28748	-0.068388	-0.080358	0.00090609	0.012641	0.10153	0.17594	-0.24529	-0.16804	0.19983	0.059431	0.024281	0.086716	-0.069943	0.069605	0.25776	0.26448	0.38535	0.48986	0.028393	0.39068	0.089997	-0.013202	-0.047553	0.2133	-0.0032335	-0.031686	-0.099588	-0.059995	-0.16359	-0.12633	-0.13372	0.021201	-0.0086696	-0.018646	-0.066627	-0.0046072	0.081396	0.10019	0.32999	0.15027	0.070155	-0.20272	0.1894	0.2832	0.060372	0.057555	0.33712	0.28468	0.055577	-0.018724	0.046124	-0.037152	0.14332	0.19284	0.12253	0.17648	0.058484	0.045283	
 LFOG_L 	0.062994	0.26167	0.073882	0.070211	0.29019	0.19938	0.10595	-0.063121	0.26325	0.1567	0.11772	-0.15772	0.064581	0.078461	0.20691	0.069668	1	0.2355	0.52959	0.38557	0.45609	0.33594	0.21839	0.28591	0.15443	0.21139	0.18072	0.19569	0.061794	0.24574	-0.15093	-0.17904	0.033361	0.050058	0.21399	0.11695	0.15759	0.22714	0.22736	0.38605	0.21922	0.43431	0.29385	0.35701	0.29561	0.32927	0.093731	0.23725	0.086711	0.17574	0.29738	0.31953	0.13366	0.14254	0.16125	0.17302	0.2318	0.092642	0.13454	0.14362	0.60092	0.34313	0.19185	0.37073	0.054031	-0.046179	0.54141	0.14666	0.15883	0.21435	-0.11962	0.017132	-0.035405	0.080383	0.23591	0.1927	-0.051632	-0.16715	
 LFOG_R 	0.0013346	-0.014191	-0.12413	-0.0070444	0.10841	0.39307	0.16517	0.29591	0.1395	0.25424	-0.069502	-0.015066	0.12992	0.26039	-0.40404	-0.14307	0.2355	1	0.39579	0.61414	-0.021996	0.25813	0.27751	0.24664	0.13533	0.094989	0.11508	0.19003	-0.093521	-0.023108	0.085022	0.14481	0.057655	-0.0036359	0.026686	0.048819	-0.18429	0.021576	-0.048418	0.0042776	-0.047194	0.22564	0.11856	-0.049274	-0.096043	-0.089362	0.058455	0.072057	0.00728	0.059098	0.028833	0.014595	0.053177	0.070342	0.035068	0.10677	-0.1488	-0.21315	-0.28836	-0.024746	-0.043347	0.088857	0.15297	-0.17363	-0.08988	-0.016826	-0.013088	0.032937	-0.058324	-0.089053	-0.041704	-0.25387	-0.093026	-0.02698	0.10174	0.24536	-0.30132	-0.070009	
 MFOG_L 	0.16627	0.16863	0.00010297	0.085466	0.32643	0.2841	0.23633	0.17527	0.20614	0.2553	0.076646	-0.025762	-0.0011473	0.18495	-0.21182	-0.16018	0.52959	0.39579	1	0.69192	0.51631	0.50451	0.14834	0.12991	0.091655	0.089917	0.29212	0.21822	-0.090001	0.012233	0.027037	0.067914	0.21924	0.18355	0.086134	0.015047	-0.083102	0.054545	0.1461	0.23897	0.09994	0.39967	0.29984	0.23025	0.082571	0.20762	0.17251	0.2417	0.17894	0.21066	0.18585	0.046821	0.1571	0.14851	0.081631	0.10309	-0.066164	0.03472	0.071917	0.064222	0.26058	0.47231	0.15741	0.10558	0.037785	-0.067216	0.17055	0.0047728	0.097505	0.15511	-0.10756	-0.037456	0.034897	0.060209	0.19205	0.03468	-0.13624	-0.12095	
 MFOG_R 	-0.030399	0.14458	-0.19673	0.019074	0.097364	0.26865	0.10263	0.24516	0.16308	0.37411	-0.10002	0.013919	-0.034494	0.29166	-0.35664	-0.28748	0.38557	0.61414	0.69192	1	0.25808	0.33096	0.26923	0.26548	0.13925	0.12833	0.24267	0.3354	-0.13676	0.049853	0.028011	0.13147	0.036143	0.11425	0.11985	0.07826	-0.17031	0.026	-0.050115	0.016506	0.090727	0.2223	0.27677	0.14245	0.11965	0.1657	0.20896	0.20887	0.14583	0.17344	0.19618	0.15602	0.13306	0.13059	0.099246	0.067709	-0.080038	-0.049858	-0.092242	-0.017436	0.20817	0.35092	0.20166	0.11249	-0.17741	-0.11278	0.10949	0.13541	0.10064	0.058806	-0.048174	-0.018922	-0.052822	0.045228	0.13898	0.19757	-0.18393	-0.13909	
 RG_L 	0.31593	0.25628	0.33019	0.30908	0.46329	0.25279	0.32587	0.16074	0.18775	0.040441	0.19115	-0.14699	0.011043	-0.0080028	0.11963	-0.068388	0.45609	-0.021996	0.51631	0.25808	1	0.60533	0.11797	0.11971	0.094418	0.10274	0.28807	0.27113	-0.081427	0.034508	0.14567	0.13555	0.33885	0.30829	0.013439	0.048906	0.13415	-0.021004	0.23016	0.296	0.11602	0.33217	0.45582	0.4898	0.26063	0.28512	0.2593	0.29736	0.42442	0.37384	0.26993	0.17249	0.17122	0.14214	0.26942	0.23966	0.40623	0.34743	0.24725	0.18798	0.4472	0.62434	0.1199	0.15768	0.42038	0.14593	0.2703	-0.095352	0.28769	0.37996	-0.29171	-0.061399	-0.15587	-0.12678	-0.0020063	-0.087322	-0.15095	-0.20165	
 RG_R 	0.035979	-0.065803	0.27639	0.31485	0.60679	0.67391	0.023215	-0.056888	-0.13173	-0.12246	-0.20014	-0.35525	-0.16831	-0.20044	-0.084882	-0.080358	0.33594	0.25813	0.50451	0.33096	0.60533	1	0.10545	0.17756	0.073131	0.038669	0.017256	0.061737	-0.35413	-0.14892	-0.041571	-0.030572	0.09366	0.087236	-0.042176	-0.03836	-0.013477	-0.083818	0.059189	0.18919	0.096245	0.14891	0.17367	0.19294	-0.036653	-0.036457	-0.00054143	0.01749	0.068537	0.07918	0.062249	0.024618	0.035103	0.055199	0.14538	0.15146	0.35479	0.48496	-0.029711	0.14639	0.44122	0.3612	-0.067544	0.02522	0.41182	0.18388	0.13608	-0.12218	0.049435	0.14497	-0.055386	0.063866	-0.069098	-0.14567	0.059269	0.041918	-0.075715	-0.082341	
 PoCG_L 	0.11461	0.42889	-0.38433	-0.35308	-0.18258	-0.098954	-0.10006	-0.053446	-0.18279	-0.15748	-0.16493	-0.00013506	-0.093547	-0.052375	-0.10868	0.00090609	0.21839	0.27751	0.14834	0.26923	0.11797	0.10545	1	0.89779	0.85037	0.7822	0.56652	0.57612	0.31028	0.64332	-0.27779	-0.13721	-0.20361	-0.24678	0.70252	0.5954	0.18655	0.29892	0.21699	0.48367	0.282	0.18018	0.16249	0.13371	0.35605	0.40379	0.46614	0.40361	0.12347	0.3527	0.62671	0.63661	0.22718	0.24489	0.26369	0.38951	-0.20303	-0.34979	-0.013199	0.021393	0.18702	0.19686	0.52986	0.18024	-0.34449	-0.40674	0.1531	0.2846	0.31999	0.26418	-0.23004	-0.27969	-0.11576	0.059865	0.16513	0.21523	-0.34371	-0.20443	
 PoCG_R 	0.15074	0.47295	-0.29752	-0.32356	-0.10907	-0.015358	-0.1206	-0.12239	-0.19116	-0.21026	-0.18259	-0.094453	-0.081249	-0.10279	-0.019735	0.012641	0.28591	0.24664	0.12991	0.26548	0.11971	0.17756	0.89779	1	0.83953	0.84211	0.46578	0.56434	0.1383	0.59336	-0.26557	-0.21093	-0.23762	-0.23298	0.70545	0.62346	0.217	0.28638	0.22545	0.47073	0.30832	0.18033	0.22898	0.20511	0.29474	0.43273	0.40901	0.3308	0.032982	0.24847	0.53391	0.61479	0.16293	0.18801	0.21311	0.33776	-0.14525	-0.27321	0.038735	0.13023	0.26523	0.20319	0.51526	0.2856	-0.2588	-0.33889	0.14018	0.27052	0.28204	0.25652	-0.18109	-0.16031	-0.023711	0.13491	0.18821	0.18687	-0.17997	-0.099353	
 PrCG_L 	0.14808	0.46471	-0.33692	-0.30335	-0.1645	-0.14923	-0.16815	-0.17347	-0.24976	-0.27568	-0.061643	0.040782	-0.10085	-0.067762	0.035051	0.10153	0.15443	0.13533	0.091655	0.13925	0.094418	0.073131	0.85037	0.83953	1	0.90984	0.49043	0.48406	0.26805	0.66173	-0.30023	-0.19814	-0.19018	-0.28709	0.76178	0.70017	0.28943	0.39707	0.13801	0.41805	0.22353	0.1573	0.11234	0.11996	0.2982	0.35237	0.53671	0.4975	0.15616	0.31666	0.58848	0.55444	0.3475	0.3724	0.37397	0.52192	-0.19221	-0.32751	0.11558	0.087536	0.1478	0.19047	0.43408	0.23731	-0.38916	-0.46354	0.17754	0.40137	0.31727	0.28528	-0.31275	-0.31379	-0.033512	0.10103	0.11553	0.10063	-0.19977	-0.16329	
 PrCG_R 	0.17466	0.52934	-0.31007	-0.34114	-0.16944	-0.16035	-0.14662	-0.14105	-0.19245	-0.22819	-0.018679	0.10553	-0.046184	-0.021687	0.02025	0.17594	0.21139	0.094989	0.089917	0.12833	0.10274	0.038669	0.7822	0.84211	0.90984	1	0.43062	0.45207	0.27525	0.64403	-0.27289	-0.19653	-0.18727	-0.21884	0.73856	0.73471	0.27235	0.3701	0.10562	0.40378	0.21093	0.13371	0.16349	0.20671	0.29878	0.4066	0.48586	0.44759	0.14706	0.23837	0.52214	0.48726	0.29235	0.3075	0.32368	0.44365	-0.22038	-0.34309	0.13268	0.090122	0.1766	0.1739	0.4308	0.28736	-0.36473	-0.42989	0.20954	0.43207	0.31916	0.25148	-0.25587	-0.21934	0.028689	0.12715	0.17144	0.1303	-0.11635	-0.097105	
 SPG_L 	0.22615	0.3756	-0.30456	-0.37341	-0.17693	-0.19287	0.17518	0.078117	-0.024303	-0.064484	0.076537	-0.007366	-0.26834	-0.13151	-0.13299	-0.24529	0.18072	0.11508	0.29212	0.24267	0.28807	0.017256	0.56652	0.46578	0.49043	0.43062	1	0.76291	0.26198	0.47336	-0.18149	0.011474	0.26442	0.15797	0.33943	0.31486	-0.057803	0.019486	0.22829	0.1765	0.06495	0.12112	0.13557	0.14505	0.36813	0.44584	0.75331	0.64501	0.56682	0.72889	0.71572	0.5315	0.43798	0.37443	0.39723	0.43302	-0.26083	-0.25176	0.049302	-0.078266	0.082326	0.19774	0.17382	0.038502	-0.25306	-0.22747	0.0031495	0.099616	0.36855	0.36853	-0.23395	-0.20363	-0.017414	0.063637	0.137	0.025927	-0.1727	-0.12242	
 SPG_R 	0.29527	0.56304	-0.30277	-0.25813	-0.36861	-0.31166	0.23383	0.25947	0.10294	0.13285	0.068624	0.1331	-0.10921	0.0753	-0.1726	-0.16804	0.19569	0.19003	0.21822	0.3354	0.27113	0.061737	0.57612	0.56434	0.48406	0.45207	0.76291	1	0.22922	0.52902	-0.014638	0.265	0.24853	0.34775	0.3737	0.36114	0.0088179	0.014317	0.19548	0.20158	0.071125	0.10932	0.34001	0.35436	0.41988	0.44627	0.56514	0.4627	0.40838	0.58606	0.61491	0.51712	0.21587	0.2018	0.17679	0.29603	-0.20751	-0.26433	0.038162	-0.12199	0.11027	0.23664	0.22328	0.14483	-0.21514	-0.12527	0.084731	0.22394	0.46682	0.4236	-0.15564	-0.098733	-0.13275	-0.059816	0.1292	0.0039292	-0.042433	0.067945	
 SMG_L 	-0.039029	0.26532	-0.29768	-0.17999	-0.35333	-0.39127	-0.092232	0.0091339	0.029109	0.16236	0.21205	0.25113	-0.031271	0.16613	0.087643	0.19983	0.061794	-0.093521	-0.090001	-0.13676	-0.081427	-0.35413	0.31028	0.1383	0.26805	0.27525	0.26198	0.22922	1	0.5866	-0.18703	0.067272	-0.13258	-0.03739	0.37462	0.34008	0.16192	0.29939	0.1136	0.33669	0.11947	0.090969	-0.00013635	0.19293	0.30509	0.30612	0.10984	0.17591	0.10666	0.26349	0.32754	0.35553	-0.006635	0.019686	0.05042	0.11723	-0.20532	-0.29549	0.19707	0.053216	-0.037735	-0.11657	0.10105	0.13986	-0.39821	-0.28608	0.19649	0.28416	0.12225	0.047698	-0.10819	-0.2813	-0.017423	0.055686	0.18762	0.11156	-0.24438	-0.10058	
 SMG_R 	0.030814	0.36982	-0.44564	-0.42357	-0.26138	-0.36611	-0.17554	-0.25931	-0.2602	-0.21396	0.11862	0.088645	-0.18286	-0.12437	0.11581	0.059431	0.24574	-0.023108	0.012233	0.049853	0.034508	-0.14892	0.64332	0.59336	0.66173	0.64403	0.47336	0.52902	0.5866	1	-0.42504	-0.15833	-0.22106	-0.21394	0.72432	0.68505	0.37407	0.44338	0.2752	0.42511	0.23343	0.25677	0.15311	0.19646	0.45954	0.46013	0.40674	0.43213	0.12576	0.32426	0.59344	0.47163	0.23616	0.2756	0.29354	0.39713	-0.12858	-0.21866	0.1752	0.0046078	0.093518	0.10159	0.26228	0.26558	-0.50419	-0.52437	0.34741	0.5405	0.37479	0.35414	-0.22471	-0.18996	-0.14998	-0.049056	0.10827	0.08612	-0.11976	-0.19619	
 AG_L 	0.42754	0.025152	0.41475	0.39672	-0.056751	0.02605	0.68374	0.62375	0.72819	0.37804	0.44745	0.36961	0.7201	0.46851	0.053933	0.024281	-0.15093	0.085022	0.027037	0.028011	0.14567	-0.041571	-0.27779	-0.26557	-0.30023	-0.27289	-0.18149	-0.014638	-0.18703	-0.42504	1	0.67591	0.39353	0.34534	-0.45135	-0.25122	-0.12651	-0.36	0.15557	-0.19137	-0.14346	-0.023769	0.36478	0.21438	-0.20641	-0.12304	-0.22769	-0.30908	0.10515	-0.13225	-0.3287	-0.36406	-0.25885	-0.29226	-0.38126	-0.32392	0.043346	0.0018134	0.074888	-0.011981	-0.17418	0.11872	0.10161	-0.17075	0.56333	0.45186	-0.11115	-0.2872	-0.0065732	0.029424	0.075102	0.16827	0.015874	-0.033347	-0.15951	-0.17938	0.18035	0.35233	
 AG_R 	0.19385	0.12763	0.10635	0.36261	-0.27853	-0.071521	0.51361	0.79542	0.59551	0.61711	0.25408	0.59913	0.44441	0.58209	-0.2255	0.086716	-0.17904	0.14481	0.067914	0.13147	0.13555	-0.030572	-0.13721	-0.21093	-0.19814	-0.19653	0.011474	0.265	0.067272	-0.15833	0.67591	1	0.46615	0.67042	-0.20304	-0.079475	-0.03487	-0.099006	-0.022957	-0.058316	-0.20404	-0.044284	0.34844	0.32386	-0.010477	-0.030538	-0.048797	-0.074853	0.26715	0.1183	-0.025037	-0.1587	-0.03825	-0.070082	-0.15841	-0.10447	-0.064775	0.0023606	0.072597	-0.043445	-0.12113	-0.021939	0.072197	-0.11975	0.30779	0.48234	0.078449	0.10742	0.27981	0.17931	0.013191	-0.026491	-0.18962	-0.21341	0.0030549	-0.0304	0.08033	0.34387	
 PrCu_L 	0.44298	0.16616	0.27295	0.19871	0.11546	0.082348	0.53409	0.46614	0.45505	0.22436	0.18355	0.16757	0.11979	0.11498	-0.2688	-0.069943	0.033361	0.057655	0.21924	0.036143	0.33885	0.09366	-0.20361	-0.23762	-0.19018	-0.18727	0.26442	0.24853	-0.13258	-0.22106	0.39353	0.46615	1	0.71083	-0.28538	-0.19528	-0.14619	-0.28603	-0.024446	-0.11805	-0.14949	-0.010412	0.16768	0.16518	-0.11007	-0.038224	0.2534	0.24826	0.50734	0.32451	-0.037927	-0.22546	0.33267	0.2438	0.12279	0.18281	-0.02753	0.080843	-0.037267	-0.1257	-0.045279	0.13015	-0.057147	-0.035258	0.4722	0.61547	0.0085433	-0.19093	0.25561	0.27125	-0.12451	-0.079892	-0.23779	-0.14137	-0.18814	-0.059668	0.25254	0.25281	
 PrCu_R 	0.23239	0.29199	0.16606	0.30816	-0.12338	-0.024544	0.42585	0.63273	0.49241	0.58106	0.14724	0.39746	0.1314	0.36886	-0.21899	0.069605	0.050058	-0.0036359	0.18355	0.11425	0.30829	0.087236	-0.24678	-0.23298	-0.28709	-0.21884	0.15797	0.34775	-0.03739	-0.21394	0.34534	0.67042	0.71083	1	-0.16993	-0.090895	-0.0074255	-0.065323	-0.092328	-0.017948	-0.16558	-0.0060815	0.24959	0.37777	0.032839	0.059839	0.15451	0.14983	0.4155	0.32997	0.011457	-0.087317	0.14287	0.082769	0.026838	0.026617	-0.016691	0.15708	0.042868	-0.030351	0.068288	0.060165	-0.11462	0.0551	0.35343	0.59951	0.080837	0.042169	0.37054	0.297	-0.088622	0.046105	-0.2779	-0.21167	-0.040833	-0.071981	0.22834	0.30846	
 STG_L 	0.0076499	0.44706	-0.3592	-0.29666	-0.25661	-0.21837	-0.23034	-0.18907	-0.28345	-0.10239	-0.074929	0.15217	-0.17005	-0.01885	0.18282	0.25776	0.21399	0.026686	0.086134	0.11985	0.013439	-0.042176	0.70252	0.70545	0.76178	0.73856	0.33943	0.3737	0.37462	0.72432	-0.45135	-0.20304	-0.28538	-0.16993	1	0.87185	0.51808	0.70312	0.28718	0.61459	0.21926	0.18531	0.13323	0.19743	0.42054	0.48646	0.44782	0.43127	-0.0045663	0.2445	0.56721	0.53372	0.26904	0.29028	0.31067	0.36073	-0.1345	-0.18628	0.11496	0.10971	0.17732	0.068805	0.41474	0.38045	-0.4655	-0.46051	0.37348	0.65811	0.30014	0.24586	-0.28034	-0.26789	-0.081378	0.094842	0.1582	0.1297	-0.26283	-0.28679	
 STG_R 	0.095408	0.38761	-0.28492	-0.28766	-0.23742	-0.20723	-0.085871	-0.11088	-0.19683	-0.13563	0.13068	0.29072	-0.0013594	0.021679	0.22073	0.26448	0.11695	0.048819	0.015047	0.07826	0.048906	-0.03836	0.5954	0.62346	0.70017	0.73471	0.31486	0.36114	0.34008	0.68505	-0.25122	-0.079475	-0.19528	-0.090895	0.87185	1	0.49474	0.60678	0.23318	0.47636	0.23534	0.18169	0.2276	0.26205	0.29947	0.49176	0.47565	0.41611	0.057386	0.22583	0.45385	0.36296	0.25703	0.28849	0.3089	0.3374	-0.18107	-0.15035	0.074985	0.028126	0.01924	0.06224	0.3292	0.25055	-0.38551	-0.42712	0.35004	0.69032	0.31928	0.2338	-0.30041	-0.22021	-0.082772	0.056789	0.018455	-0.0017869	-0.23393	-0.32703	
 STG_L_pole 	0.0013291	0.24972	-0.025918	0.079841	-0.048634	-0.13267	-0.16868	-0.18663	-0.16161	-0.10052	0.061335	0.057262	0.14456	0.061103	0.33258	0.38535	0.15759	-0.18429	-0.083102	-0.17031	0.13415	-0.013477	0.18655	0.217	0.28943	0.27235	-0.057803	0.0088179	0.16192	0.37407	-0.12651	-0.03487	-0.14619	-0.0074255	0.51808	0.49474	1	0.73622	0.21579	0.38265	0.24225	0.23642	0.3001	0.30904	0.21774	0.30093	0.094763	0.1588	-0.11087	0.028683	0.06958	0.077519	0.092695	0.15433	0.19036	0.2483	0.35018	0.15186	0.30253	0.28739	0.060125	0.16289	0.1836	0.28433	-0.044818	-0.15972	0.47825	0.44677	0.23677	0.30756	-0.15095	0.015323	-0.28481	-0.23184	-0.11101	-0.10946	-0.12952	-0.16871	
 STG_R_pole 	-0.19397	0.26715	-0.21854	0.01515	-0.16619	-0.1453	-0.29144	-0.15523	-0.1794	0.1052	-0.054011	0.21163	-0.017799	0.18372	0.23784	0.48986	0.22714	0.021576	0.054545	0.026	-0.021004	-0.083818	0.29892	0.28638	0.39707	0.3701	0.019486	0.014317	0.29939	0.44338	-0.36	-0.099006	-0.28603	-0.065323	0.70312	0.60678	0.73622	1	0.16917	0.50612	0.22279	0.24957	0.12745	0.23642	0.28302	0.3169	0.1871	0.28139	-0.060039	0.12218	0.26996	0.26792	0.22404	0.26297	0.27316	0.27548	0.12484	0.037461	0.29196	0.21756	0.10853	0.033389	0.1426	0.33759	-0.34152	-0.3502	0.45979	0.65448	0.20106	0.1604	-0.17269	-0.19372	-0.20799	-0.053376	0.07888	0.043517	-0.25756	-0.26631	
 MTG_L 	0.46416	0.24205	0.32691	0.067516	0.11077	-0.022623	0.4614	0.085978	0.13323	-0.05744	0.31247	0.021204	0.22349	-0.071467	0.46739	0.028393	0.22736	-0.048418	0.1461	-0.050115	0.23016	0.059189	0.21699	0.22545	0.13801	0.10562	0.22829	0.19548	0.1136	0.2752	0.15557	-0.022957	-0.024446	-0.092328	0.28718	0.23318	0.21579	0.16917	1	0.58076	0.22494	0.37539	0.43732	0.36085	0.40182	0.42935	0.058132	-0.01266	0.16045	0.27919	0.38164	0.31622	-0.13625	-0.17415	-0.10252	-0.074374	0.070591	0.036793	0.00047619	0.054362	0.18068	0.28745	0.27159	0.093671	0.19457	-0.041517	0.097926	-0.032854	0.15037	0.33457	-0.1175	0.017057	0.071612	0.14883	0.054678	-0.040988	-0.085524	-0.077925	
 MTG_R 	0.31828	0.46969	0.090836	0.12694	0.10772	0.049482	0.13433	0.091897	0.043715	0.08415	0.019729	0.12872	0.045616	0.040168	0.28503	0.39068	0.38605	0.0042776	0.23897	0.016506	0.296	0.18919	0.48367	0.47073	0.41805	0.40378	0.1765	0.20158	0.33669	0.42511	-0.19137	-0.058316	-0.11805	-0.017948	0.61459	0.47636	0.38265	0.50612	0.58076	1	0.41941	0.43839	0.33748	0.48898	0.44223	0.50606	0.11431	0.11114	0.026921	0.2468	0.43789	0.51451	-0.021786	-0.01564	0.045254	0.14714	0.035005	0.016066	0.15197	0.30955	0.35288	0.20838	0.39089	0.3067	-0.03183	-0.10467	0.28976	0.17255	0.21333	0.27213	-0.1447	-0.18668	-0.021939	0.13293	0.21072	0.21831	-0.23936	-0.24246	
 MTG_L_pole 	0.17226	0.21582	0.049272	0.011441	0.080883	-0.042773	-0.082994	-0.14077	-0.11522	-0.10325	-0.15934	-0.14464	0.020177	-0.089637	0.052269	0.089997	0.21922	-0.047194	0.09994	0.090727	0.11602	0.096245	0.282	0.30832	0.22353	0.21093	0.06495	0.071125	0.11947	0.23343	-0.14346	-0.20404	-0.14949	-0.16558	0.21926	0.23534	0.24225	0.22279	0.22494	0.41941	1	0.44744	0.37567	0.43051	0.29563	0.49758	0.0078502	-0.017842	-0.093679	0.044428	0.15514	0.2515	-0.09511	-0.11017	-0.059592	-0.019029	0.0013178	0.06144	0.10303	0.12401	0.20021	0.2527	0.25565	0.14347	-0.1041	-0.22616	0.10556	0.0015851	-0.025016	-0.0059212	-0.040225	0.029172	0.09478	0.2082	0.13743	0.17786	-0.14536	-0.20369	
 MTG_R_pole 	0.17521	0.16213	0.12012	0.085128	0.2322	0.0033798	0.24509	0.018224	0.11604	0.051818	0.30701	0.019409	0.14609	0.041746	0.18799	-0.013202	0.43431	0.22564	0.39967	0.2223	0.33217	0.14891	0.18018	0.18033	0.1573	0.13371	0.12112	0.10932	0.090969	0.25677	-0.023769	-0.044284	-0.010412	-0.0060815	0.18531	0.18169	0.23642	0.24957	0.37539	0.43839	0.44744	1	0.49361	0.45439	0.45341	0.39661	0.031359	0.15954	0.012533	0.082332	0.28134	0.16296	0.05185	0.030623	0.043083	0.12804	0.057186	0.013444	0.21174	0.27875	0.19161	0.50228	0.23759	0.11501	-0.010456	-0.20251	0.24513	0.11692	0.13537	0.31572	-0.32957	-0.25806	-0.063308	-0.028228	0.05415	0.016843	-0.24799	-0.30221	
 ITG_L 	0.40596	0.34356	0.236	0.27461	0.046142	-0.0085227	0.4774	0.35854	0.29822	0.24588	0.25061	0.17403	0.36556	0.20566	0.085269	-0.047553	0.29385	0.11856	0.29984	0.27677	0.45582	0.17367	0.16249	0.22898	0.11234	0.16349	0.13557	0.34001	-0.00013635	0.15311	0.36478	0.34844	0.16768	0.24959	0.13323	0.2276	0.3001	0.12745	0.43732	0.33748	0.37567	0.49361	1	0.7541	0.42549	0.60007	0.05347	0.0060415	0.22919	0.19679	0.27721	0.15955	-0.13939	-0.13816	-0.084466	-0.027462	0.20797	0.14223	0.21775	0.27904	0.26683	0.52661	0.39623	0.16619	0.24895	0.12633	0.2204	0.12032	0.38327	0.48394	-0.19381	0.0063028	-0.12896	-0.060763	-0.048202	-0.040083	-0.076778	-0.0040505	
 ITG_R 	0.32325	0.50529	0.22479	0.3081	0.018208	-0.08746	0.36623	0.32703	0.32556	0.32096	0.20605	0.24394	0.28257	0.29555	0.21066	0.2133	0.35701	-0.049274	0.23025	0.14245	0.4898	0.19294	0.13371	0.20511	0.11996	0.20671	0.14505	0.35436	0.19293	0.19646	0.21438	0.32386	0.16518	0.37777	0.19743	0.26205	0.30904	0.23642	0.36085	0.48898	0.43051	0.45439	0.7541	1	0.545	0.6493	0.057925	0.053044	0.23328	0.23451	0.31388	0.26973	-0.10608	-0.12719	-0.0058505	0.025375	0.18116	0.18126	0.37632	0.23814	0.3231	0.37664	0.25322	0.2826	0.2124	0.13397	0.25756	0.15378	0.37887	0.40246	-0.15257	-0.0018274	-0.0035612	0.018451	0.10596	0.0063628	-0.12029	-0.057229	
 FuG_L 	0.088401	0.31387	-0.082687	-0.05951	-0.13723	-0.28351	0.12531	0.060846	-0.043588	0.10584	0.135	0.061285	-0.1519	-0.02861	0.18817	-0.0032335	0.29561	-0.096043	0.082571	0.11965	0.26063	-0.036653	0.35605	0.29474	0.2982	0.29878	0.36813	0.41988	0.30509	0.45954	-0.20641	-0.010477	-0.11007	0.032839	0.42054	0.29947	0.21774	0.28302	0.40182	0.44223	0.29563	0.45341	0.42549	0.545	1	0.63824	0.33388	0.31359	0.27216	0.41574	0.70873	0.53581	0.14365	0.12161	0.23435	0.26944	0.083879	-0.097415	0.20616	0.013971	0.33466	0.32527	0.27866	0.19068	-0.18805	-0.21313	0.27774	0.22548	0.4339	0.46354	-0.25906	-0.18844	0.0042466	0.022528	0.26416	0.14928	-0.20872	-0.18845	
 FuG_R 	0.23377	0.45542	-0.11774	-0.12737	-0.12012	-0.28759	0.16254	0.081625	0.0078795	0.074879	0.12138	0.10306	-0.018004	-0.035888	0.19533	-0.031686	0.32927	-0.089362	0.20762	0.1657	0.28512	-0.036457	0.40379	0.43273	0.35237	0.4066	0.44584	0.44627	0.30612	0.46013	-0.12304	-0.030538	-0.038224	0.059839	0.48646	0.49176	0.30093	0.3169	0.42935	0.50606	0.49758	0.39661	0.60007	0.6493	0.63824	1	0.44107	0.36983	0.28984	0.4671	0.57436	0.50839	0.14355	0.12922	0.25431	0.24098	-0.10951	-0.15465	0.19384	0.042887	0.23848	0.31576	0.35144	0.23064	-0.23748	-0.23765	0.18347	0.2249	0.26113	0.29914	-0.29295	-0.17076	-0.056283	0.052659	0.053125	-0.021451	-0.25329	-0.26857	
 SOG_L 	0.13214	0.29528	-0.34538	-0.335	-0.13132	-0.18346	0.031541	0.02227	-0.12414	-0.096311	0.09802	0.094461	-0.29866	-0.15973	-0.070081	-0.099588	0.093731	0.058455	0.17251	0.20896	0.2593	-0.00054143	0.46614	0.40901	0.53671	0.48586	0.75331	0.56514	0.10984	0.40674	-0.22769	-0.048797	0.2534	0.15451	0.44782	0.47565	0.094763	0.1871	0.058132	0.11431	0.0078502	0.031359	0.05347	0.057925	0.33388	0.44107	1	0.88006	0.61771	0.75666	0.64505	0.41682	0.73699	0.70782	0.69202	0.66864	-0.22718	-0.24966	-0.042305	-0.25035	0.057048	0.1967	0.16466	0.039068	-0.31366	-0.22441	0.07332	0.26725	0.40697	0.35864	-0.47545	-0.34951	-0.14541	-0.020775	-0.060398	-0.042006	-0.16291	-0.2351	
 SOG_R 	-0.056383	0.18567	-0.36504	-0.33793	-0.045255	-0.16755	-0.059495	-0.10045	-0.12987	-0.11443	0.12547	0.020867	-0.26474	-0.12491	-0.011201	-0.059995	0.23725	0.072057	0.2417	0.20887	0.29736	0.01749	0.40361	0.3308	0.4975	0.44759	0.64501	0.4627	0.17591	0.43213	-0.30908	-0.074853	0.24826	0.14983	0.43127	0.41611	0.1588	0.28139	-0.01266	0.11114	-0.017842	0.15954	0.0060415	0.053044	0.31359	0.36983	0.88006	1	0.61612	0.71722	0.59712	0.3467	0.89067	0.87918	0.82506	0.78958	-0.1819	-0.23765	-0.034889	-0.20975	0.18674	0.19354	0.08478	0.043278	-0.33183	-0.24607	0.23907	0.37761	0.39522	0.34531	-0.5806	-0.46163	-0.21954	-0.11458	0.0073376	-0.00050229	-0.20991	-0.27499	
 MOG_L 	0.24416	0.24158	0.12376	0.069981	0.063232	-0.043248	0.32736	0.30373	0.17698	0.1021	0.16741	0.095927	-0.024381	0.045017	-0.064561	-0.16359	0.086711	0.00728	0.17894	0.14583	0.42442	0.068537	0.12347	0.032982	0.15616	0.14706	0.56682	0.40838	0.10666	0.12576	0.10515	0.26715	0.50734	0.4155	-0.0045663	0.057386	-0.11087	-0.060039	0.16045	0.026921	-0.093679	0.012533	0.22919	0.23328	0.27216	0.28984	0.61771	0.61612	1	0.8299	0.51239	0.28432	0.52669	0.46939	0.53966	0.49646	-0.006072	0.00048506	-0.047666	-0.10077	0.1375	0.20193	-0.074042	-0.060027	0.097855	0.13924	0.016557	-0.013097	0.40088	0.35835	-0.25587	-0.20505	-0.27713	-0.16493	-0.047185	-0.012554	-0.02151	-0.018655	
 MOG_R 	0.19674	0.32153	-0.15335	-0.15458	-0.047638	-0.1006	0.22287	0.2012	0.0098518	0.083506	0.072496	0.035398	-0.21784	-0.043396	-0.04262	-0.12633	0.17574	0.059098	0.21066	0.17344	0.37384	0.07918	0.3527	0.24847	0.31666	0.23837	0.72889	0.58606	0.26349	0.32426	-0.13225	0.1183	0.32451	0.32997	0.2445	0.22583	0.028683	0.12218	0.27919	0.2468	0.044428	0.082332	0.19679	0.23451	0.41574	0.4671	0.75666	0.71722	0.8299	1	0.69383	0.56758	0.53729	0.51191	0.58405	0.58922	-0.11797	-0.14399	-0.091923	-0.1201	0.17534	0.20374	0.052191	-0.034705	-0.10103	-0.011363	0.030016	0.081651	0.44304	0.42479	-0.34755	-0.2643	-0.23003	-0.069237	0.055981	-0.0014472	-0.13918	-0.11386	
 IOG_L 	0.070258	0.3553	-0.25874	-0.26383	-0.18921	-0.19961	0.068485	0.029554	-0.11633	0.006369	-0.0077257	0.062707	-0.28516	-0.14074	0.055419	-0.13372	0.29738	0.028833	0.18585	0.19618	0.26993	0.062249	0.62671	0.53391	0.58848	0.52214	0.71572	0.61491	0.32754	0.59344	-0.3287	-0.025037	-0.037927	0.011457	0.56721	0.45385	0.06958	0.26996	0.38164	0.43789	0.15514	0.28134	0.27721	0.31388	0.70873	0.57436	0.64505	0.59712	0.51239	0.69383	1	0.75585	0.40241	0.3698	0.43087	0.44488	-0.13895	-0.14013	0.024733	-0.034432	0.33178	0.22573	0.23468	0.174	-0.29659	-0.2796	0.19201	0.32736	0.48592	0.45803	-0.33919	-0.29001	-0.059113	0.057898	0.22891	0.08667	-0.22989	-0.18933	
 IOG_R 	0.061642	0.41578	-0.23839	-0.21486	-0.22338	-0.14466	-0.062809	-0.0021481	-0.11287	0.040867	-0.20248	-0.036576	-0.27824	-0.084622	0.10449	0.021201	0.31953	0.014595	0.046821	0.15602	0.17249	0.024618	0.63661	0.61479	0.55444	0.48726	0.5315	0.51712	0.35553	0.47163	-0.36406	-0.1587	-0.22546	-0.087317	0.53372	0.36296	0.077519	0.26792	0.31622	0.51451	0.2515	0.16296	0.15955	0.26973	0.53581	0.50839	0.41682	0.3467	0.28432	0.56758	0.75585	1	0.13603	0.11504	0.22998	0.25874	-0.11893	-0.19498	0.033521	0.18706	0.35081	0.079574	0.32934	0.29015	-0.26027	-0.21709	0.099952	0.14835	0.26106	0.22463	-0.15292	-0.20144	0.028247	0.21602	0.24586	0.13463	-0.22994	-0.17262	
 Cu_L 	-0.17121	-0.063976	-0.32594	-0.28527	0.046476	-0.016772	-0.082181	-0.09966	-0.12154	-0.16241	0.04284	0.039525	-0.23542	-0.16001	-0.082181	-0.0086696	0.13366	0.053177	0.1571	0.13306	0.17122	0.035103	0.22718	0.16293	0.3475	0.29235	0.43798	0.21587	-0.006635	0.23616	-0.25885	-0.03825	0.33267	0.14287	0.26904	0.25703	0.092695	0.22404	-0.13625	-0.021786	-0.09511	0.05185	-0.13939	-0.10608	0.14365	0.14355	0.73699	0.89067	0.52669	0.53729	0.40241	0.13603	1	0.96575	0.8434	0.80473	-0.15716	-0.15306	-0.083065	-0.25787	0.15011	0.020952	0.018668	-0.053425	-0.19704	-0.046184	0.24595	0.32824	0.32631	0.27752	-0.50271	-0.42384	-0.19495	-0.12435	-0.0085141	0.021084	-0.06486	-0.21006	
 Cu_R 	-0.2224	-0.093855	-0.37441	-0.29289	0.057602	-0.0058025	-0.14554	-0.15984	-0.17542	-0.19012	0.058171	0.0050694	-0.22337	-0.14816	-0.072301	-0.018646	0.14254	0.070342	0.14851	0.13059	0.14214	0.055199	0.24489	0.18801	0.3724	0.3075	0.37443	0.2018	0.019686	0.2756	-0.29226	-0.070082	0.2438	0.082769	0.29028	0.28849	0.15433	0.26297	-0.17415	-0.01564	-0.11017	0.030623	-0.13816	-0.12719	0.12161	0.12922	0.70782	0.87918	0.46939	0.51191	0.3698	0.11504	0.96575	1	0.85453	0.83835	-0.12858	-0.1872	-0.10935	-0.2625	0.14353	0.029025	0.0065778	-0.061048	-0.23837	-0.098605	0.25398	0.36185	0.34656	0.29248	-0.50724	-0.41014	-0.22046	-0.1697	-0.037468	0.010801	-0.085031	-0.22179	
 LG_L 	-0.18815	-0.025464	-0.2332	-0.19616	0.2169	0.073778	-0.16376	-0.2064	-0.28954	-0.25776	-0.0024413	-0.15231	-0.29956	-0.24478	0.01201	-0.066627	0.16125	0.035068	0.081631	0.099246	0.26942	0.14538	0.26369	0.21311	0.37397	0.32368	0.39723	0.17679	0.05042	0.29354	-0.38126	-0.15841	0.12279	0.026838	0.31067	0.3089	0.19036	0.27316	-0.10252	0.045254	-0.059592	0.043083	-0.084466	-0.0058505	0.23435	0.25431	0.69202	0.82506	0.53966	0.58405	0.43087	0.22998	0.8434	0.85453	1	0.88282	0.039781	-0.081253	-0.024861	-0.13215	0.23634	0.093424	-0.021563	-0.11138	-0.20166	-0.16193	0.21128	0.29867	0.36913	0.31904	-0.46559	-0.43401	-0.30175	-0.22826	0.020056	0.072406	-0.20861	-0.33113	
 LG_R 	-0.036362	0.095282	-0.26111	-0.18955	0.17227	0.04874	-0.088191	-0.14456	-0.22287	-0.27493	0.02718	-0.11533	-0.19086	-0.18359	-0.02847	-0.0046072	0.17302	0.10677	0.10309	0.067709	0.23966	0.15146	0.38951	0.33776	0.52192	0.44365	0.43302	0.29603	0.11723	0.39713	-0.32392	-0.10447	0.18281	0.026617	0.36073	0.3374	0.2483	0.27548	-0.074374	0.14714	-0.019029	0.12804	-0.027462	0.025375	0.26944	0.24098	0.66864	0.78958	0.49646	0.58922	0.44488	0.25874	0.80473	0.83835	0.88282	1	0.02867	-0.18668	0.012452	-0.094091	0.16948	0.12499	0.086437	-0.12921	-0.18973	-0.13229	0.21669	0.26948	0.37347	0.38503	-0.41887	-0.40212	-0.30365	-0.24072	0.04827	0.090427	-0.14484	-0.21771	
 rostral_ACC_L 	-0.0023174	-0.023547	0.52047	0.61342	0.51302	0.37094	-0.068869	-0.2337	-0.042958	-0.14839	-0.091405	-0.42184	0.07548	-0.036049	0.25525	0.081396	0.2318	-0.1488	-0.066164	-0.080038	0.40623	0.35479	-0.20303	-0.14525	-0.19221	-0.22038	-0.26083	-0.20751	-0.20532	-0.12858	0.043346	-0.064775	-0.02753	-0.016691	-0.1345	-0.18107	0.35018	0.12484	0.070591	0.035005	0.0013178	0.057186	0.20797	0.18116	0.083879	-0.10951	-0.22718	-0.1819	-0.006072	-0.11797	-0.13895	-0.11893	-0.15716	-0.12858	0.039781	0.02867	1	0.64391	0.35911	0.38612	0.28971	0.30824	-0.040526	0.29503	0.40817	0.1757	0.40435	-0.045737	-0.042141	0.11509	0.11702	0.23653	-0.2328	-0.20946	-0.08908	0.0059042	-0.029982	-0.042716	
 rostral_ACC_R 	-0.042356	-0.1037	0.49049	0.56941	0.4563	0.45396	-0.065543	-0.15839	-0.056756	-0.0083528	-0.22317	-0.18416	-0.10659	-0.096817	0.17157	0.10019	0.092642	-0.21315	0.03472	-0.049858	0.34743	0.48496	-0.34979	-0.27321	-0.32751	-0.34309	-0.25176	-0.26433	-0.29549	-0.21866	0.0018134	0.0023606	0.080843	0.15708	-0.18628	-0.15035	0.15186	0.037461	0.036793	0.016066	0.06144	0.013444	0.14223	0.18126	-0.097415	-0.15465	-0.24966	-0.23765	0.00048506	-0.14399	-0.14013	-0.19498	-0.15306	-0.1872	-0.081253	-0.18668	0.64391	1	0.22101	0.3299	0.24928	0.097267	-0.19906	0.27992	0.46123	0.31763	0.23144	0.014696	0.026293	0.095346	0.12721	0.30063	-0.08132	-0.11184	-0.19792	-0.014216	0.2093	0.012947	
