	 SFG_L 	 SFG_R 	 SFG_PFC_L 	 SFG_PFC_R 	 SFG_pole_L 	 SFG_pole_R 	 MFG_L 	 MFG_R 	 MFG_DPFC_L 	 MFG_DPFC_R 	 IFG_opercularis_L 	 IFG_opercularis_R 	 IFG_orbitalis_L 	 IFG_orbitalis_R 	 IFG_triangularis_L 	 IFG_triangularis_R 	 LFOG_L 	 LFOG_R 	 MFOG_L 	 MFOG_R 	 RG_L 	 RG_R 	 PoCG_L 	 PoCG_R 	 PrCG_L 	 PrCG_R 	 SPG_L 	 SPG_R 	 SMG_L 	 SMG_R 	 AG_L 	 AG_R 	 PrCu_L 	 PrCu_R 	 STG_L 	 STG_R 	 STG_L_pole 	 STG_R_pole 	 MTG_L 	 MTG_R 	 MTG_L_pole 	 MTG_R_pole 	 ITG_L 	 ITG_R 	 FuG_L 	 FuG_R 	 SOG_L 	 SOG_R 	 MOG_L 	 MOG_R 	 IOG_L 	 IOG_R 	 Cu_L 	 Cu_R 	 LG_L 	 LG_R 	 rostral_ACC_L 	 rostral_ACC_R 	 subcallosal_ACC_L 	 subcallosal_ACC_R 	 subgenual_ACC_L 	 subgenual_ACC_R 	 dorsal_ACC_L 	 dorsal_ACC_R 	 PCC_L 	 PCC_R 	 Insula_L 	 Insula_R 	 CerebellumGM_L 	 CerebellumGM_R 	 Caud_L 	 Caud_R 	 Put_L 	 Put_R 	 GP_L 	 GP_R 	 Thalamus_L 	 Thalamus_R 	
 SFG_L 	1	0.67666	0.60281	0.46394	0.34246	0.103	0.65504	0.44222	0.47164	0.40255	0.50952	0.17304	0.36215	0.22877	0.38816	0.22867	0.34867	0.10681	0.042136	0.06513	0.075733	0.17364	0.24113	0.37169	0.45367	0.5675	0.52891	0.51909	0.052938	-0.013422	0.41256	0.27078	0.23549	0.34016	-0.026155	-0.048184	-0.010291	-0.0012691	0.34371	0.22948	0.38353	0.30683	0.44152	0.11843	0.30012	0.26409	0.19103	0.081378	0.33875	0.36496	0.28184	0.24931	0.21615	0.14151	0.28486	0.099224	-0.06354	0.053892	-0.16176	-0.22147	-0.22454	0.11653	0.17712	0.29442	0.17365	0.0019473	0.29241	-0.024817	0.46022	0.55322	-0.24141	0.093453	0.043695	-0.13025	-0.13091	-0.25749	-0.25685	-0.35319	
 SFG_R 	0.67666	1	0.58624	0.63837	0.24897	0.44528	0.51133	0.71674	0.65173	0.64522	0.47887	0.41117	0.25356	0.42553	0.34513	0.48503	0.32302	0.34534	0.19655	0.19638	0.2019	0.29073	0.16059	0.31677	0.31713	0.6291	0.42135	0.51755	0.32938	0.29132	0.35103	0.48259	0.11814	0.36568	0.13945	0.19509	0.15846	0.2277	0.26489	0.46367	0.19161	0.33213	0.32485	0.45845	0.23184	0.3518	0.096877	-0.053425	0.42904	0.49852	0.5423	0.57442	-0.085614	-0.084232	0.054358	-0.069455	0.21639	0.22462	-0.19784	-0.17149	-0.32958	-0.071331	0.18328	0.24572	0.0022699	0.015822	0.31524	0.061459	0.54809	0.5606	-0.042306	0.0042297	0.040494	0.031163	-0.19766	-0.33241	-0.48198	-0.41423	
 SFG_PFC_L 	0.60281	0.58624	1	0.7525	0.61267	0.5304	0.64311	0.53623	0.44029	0.59664	0.5386	0.44698	0.48314	0.46594	0.34823	0.25629	0.42007	0.30877	0.27809	0.38284	0.4997	0.56249	-0.10786	0.25659	0.14709	0.49122	0.32917	0.43477	-0.055241	0.0048382	0.51445	0.46777	0.1147	0.37157	0.082763	0.034225	0.088646	0.20233	0.4236	0.40708	0.43155	0.48558	0.38514	0.17726	0.44231	0.47323	0.33239	0.3499	0.46857	0.4485	0.48589	0.49554	0.28643	0.29672	0.36665	0.28542	0.19838	0.31053	0.11625	-0.13851	-0.14131	0.1171	0.14936	0.25888	0.42019	0.32888	0.23846	0.021565	0.62957	0.61377	0.0011031	0.17105	0.15441	-0.11249	0.10765	-0.32049	-0.44276	-0.46953	
 SFG_PFC_R 	0.46394	0.63837	0.7525	1	0.41993	0.7561	0.67759	0.69857	0.4651	0.78244	0.59686	0.60068	0.4308	0.46293	0.28011	0.4231	0.37955	0.4869	0.31471	0.27522	0.41205	0.61831	-0.20593	0.18326	-0.050304	0.43365	0.33377	0.53609	0.018441	-0.03694	0.58274	0.61435	0.040155	0.36684	0.0041843	-0.081369	0.17408	0.19034	0.47785	0.52621	0.47154	0.57689	0.51924	0.39569	0.49202	0.50442	0.29843	0.26736	0.48583	0.50524	0.53222	0.50522	0.19939	0.19604	0.27335	0.29807	0.10671	0.26263	0.083813	-0.12792	-0.19239	-0.033494	-0.098247	0.092032	0.344	0.32834	0.081639	-0.14262	0.53508	0.52906	-0.16051	-0.019536	0.041327	-0.17379	0.18994	-0.346	-0.56317	-0.4303	
 SFG_pole_L 	0.34246	0.24897	0.61267	0.41993	1	0.55146	0.5303	0.33564	0.24897	0.42658	0.52353	0.43311	0.50514	0.26946	0.29666	0.19152	0.34643	0.278	0.46899	0.53524	0.37032	0.60545	-0.15703	0.17222	0.0067403	0.29147	0.15125	0.34571	-0.15463	-0.178	0.63615	0.57904	0.048019	0.2492	0.18725	0.081932	0.13467	0.25509	0.56721	0.37154	0.4113	0.51293	0.5334	0.22997	0.56884	0.50708	0.41089	0.45138	0.49348	0.4322	0.37482	0.36638	0.51448	0.55233	0.54074	0.5215	0.030266	0.14212	-0.088171	-0.30186	0.21893	0.013097	0.054207	0.019437	0.53611	0.40647	0.10579	-0.1175	0.57155	0.51771	0.21311	0.37724	0.30098	0.028103	0.25681	-0.42512	-0.27532	-0.31846	
 SFG_pole_R 	0.103	0.44528	0.5304	0.7561	0.55146	1	0.4203	0.51763	0.2797	0.63553	0.37545	0.54888	0.30965	0.31719	0.053781	0.26871	0.28693	0.54489	0.51551	0.46226	0.54358	0.65425	-0.21489	0.12291	-0.13247	0.28752	0.10037	0.38189	-0.0051712	0.028941	0.41555	0.58441	0.011167	0.2979	0.19901	0.1278	0.21933	0.31131	0.35844	0.48541	0.23949	0.47425	0.29569	0.39737	0.42688	0.48452	0.31569	0.338	0.417	0.40597	0.51988	0.4869	0.25337	0.28956	0.25511	0.35894	0.29921	0.33613	0.0088894	-0.27864	0.071658	-0.13433	0.0044786	0.01055	0.31394	0.39298	0.013644	-0.12756	0.41785	0.35965	0.1391	0.083967	0.062452	-0.06522	0.22084	-0.39492	-0.44525	-0.18928	
 MFG_L 	0.65504	0.51133	0.64311	0.67759	0.5303	0.4203	1	0.6633	0.54018	0.64506	0.72795	0.60118	0.52687	0.27344	0.45327	0.39151	0.33751	0.24064	0.4195	0.28384	0.16536	0.49878	-0.20472	0.06543	-0.0060537	0.38009	0.41374	0.47959	-0.086212	-0.18843	0.75276	0.62963	0.30733	0.50304	-0.083418	-0.19475	0.02493	0.04969	0.54848	0.43663	0.4507	0.5164	0.61612	0.17036	0.5102	0.44645	0.2989	0.28927	0.56996	0.57275	0.4197	0.40273	0.29489	0.28458	0.34887	0.27981	-0.20696	-0.016565	-0.081378	-0.37144	-0.10324	0.06873	-0.059316	0.04388	0.46294	0.29319	0.032903	-0.3047	0.54033	0.58251	-0.13927	0.15178	0.17334	-0.16322	0.21748	-0.41041	-0.33107	-0.4166	
 MFG_R 	0.44222	0.71674	0.53623	0.69857	0.33564	0.51763	0.6633	1	0.63147	0.78945	0.46997	0.70562	0.23318	0.26307	0.35559	0.50548	0.23424	0.34927	0.31554	0.26864	0.17251	0.4092	-0.12217	0.14634	-0.012016	0.47074	0.53018	0.59184	0.18814	0.066387	0.56886	0.79722	0.16314	0.48219	-0.093814	-0.075293	0.023919	0.098096	0.29639	0.44433	0.15927	0.38376	0.46415	0.41354	0.39018	0.4542	0.26362	0.12221	0.69215	0.70928	0.5721	0.57749	0.03728	0.085969	0.21874	0.14437	0.07174	0.13446	-0.051478	-0.17845	-0.25588	-0.029675	-0.035584	0.039119	0.10115	0.15382	0.10597	-0.20061	0.54648	0.52561	-0.094216	-0.13452	0.027253	-0.090408	0.029005	-0.45387	-0.42858	-0.45051	
 MFG_DPFC_L 	0.47164	0.65173	0.44029	0.4651	0.24897	0.2797	0.54018	0.63147	1	0.73249	0.50126	0.42647	0.22022	0.27625	0.4489	0.57519	0.16802	0.14678	0.26656	0.20034	0.082197	0.20158	0.0011563	0.21329	0.21445	0.44013	0.39759	0.38565	0.34036	0.25686	0.5039	0.49266	0.27075	0.36145	0.12049	0.13864	0.12218	0.12459	0.19402	0.22859	-0.046402	0.073583	0.34908	0.31706	0.077815	0.13998	0.14208	-0.0063568	0.43546	0.45046	0.25892	0.3023	-0.015039	0.015221	0.018522	-0.057456	0.21834	0.34382	-0.17684	-0.10642	-0.26859	-0.057982	0.21421	0.30888	0.046319	-0.068368	0.32089	0.16415	0.49699	0.48305	-0.032023	0.03241	0.25224	0.070187	-0.021553	-0.17284	-0.35277	-0.45292	
 MFG_DPFC_R 	0.40255	0.64522	0.59664	0.78244	0.42658	0.63553	0.64506	0.78945	0.73249	1	0.46298	0.5893	0.20841	0.26608	0.20436	0.38399	0.10096	0.37497	0.4368	0.39888	0.23476	0.4289	-0.24702	0.097027	-0.054116	0.35207	0.34432	0.4915	0.15177	0.055757	0.60952	0.66062	0.20297	0.42714	-0.017693	-0.028674	0.10193	0.13059	0.24839	0.31782	0.18924	0.39136	0.46026	0.36594	0.33373	0.37572	0.24833	0.17111	0.54366	0.53759	0.42179	0.40015	0.10588	0.15183	0.20731	0.17327	0.1927	0.3518	-0.0056107	-0.15967	-0.030743	-0.069565	0.026961	0.19393	0.17552	0.14827	0.15056	-0.11386	0.5016	0.49505	-0.082299	-0.06527	0.20148	-0.10417	0.13696	-0.3528	-0.42183	-0.43713	
 IFG_opercularis_L 	0.50952	0.47887	0.5386	0.59686	0.52353	0.37545	0.72795	0.46997	0.50126	0.46298	1	0.55755	0.69923	0.45168	0.6682	0.60568	0.48144	0.20789	0.28234	0.21492	0.15748	0.49737	-0.083609	0.16817	0.087325	0.44073	0.30584	0.46543	0.17053	-0.049885	0.63428	0.50331	0.07406	0.28253	0.15774	0.051772	0.29613	0.27684	0.72739	0.57182	0.50616	0.53719	0.64725	0.32569	0.52178	0.4366	0.23229	0.18472	0.50483	0.53907	0.40916	0.42109	0.22903	0.23786	0.2776	0.24878	-0.17792	-0.030463	-0.053506	-0.19365	-0.21391	-0.0046353	-0.12083	-0.016043	0.42963	0.24731	0.12491	-0.093123	0.51608	0.52144	-0.074257	0.20858	0.15417	-0.0098383	0.20882	-0.34533	-0.37262	-0.3832	
 IFG_opercularis_R 	0.17304	0.41117	0.44698	0.60068	0.43311	0.54888	0.60118	0.70562	0.42647	0.5893	0.55755	1	0.47641	0.55191	0.42738	0.62867	0.36557	0.54727	0.4436	0.31229	0.27927	0.57427	-0.30604	0.083968	-0.17342	0.32282	0.1707	0.38671	0.082119	0.0068075	0.60128	0.77494	0.0020107	0.39617	0.18507	0.13451	0.29879	0.39051	0.55159	0.67498	0.34367	0.5757	0.59679	0.36945	0.5558	0.60816	0.27802	0.36371	0.64923	0.62763	0.63734	0.57765	0.25765	0.29381	0.44524	0.39822	-0.06405	-0.051339	0.020838	-0.17238	-0.15194	0.0033006	-0.27608	-0.2665	0.47674	0.50052	0.021752	-0.12107	0.53841	0.48023	-0.0629	-0.15805	0.046481	-0.083783	0.31629	-0.41329	-0.44227	-0.39877	
 IFG_orbitalis_L 	0.36215	0.25356	0.48314	0.4308	0.50514	0.30965	0.52687	0.23318	0.22022	0.20841	0.69923	0.47641	1	0.59422	0.65584	0.42589	0.66213	0.3036	0.19435	0.12756	0.24819	0.48457	0.053057	0.3239	0.12864	0.35367	0.21889	0.44067	0.038126	-0.0058473	0.44078	0.39495	0.081896	0.28566	0.45806	0.32187	0.48174	0.50902	0.73084	0.60809	0.6299	0.57874	0.56417	0.23792	0.6072	0.48763	0.31233	0.34145	0.48782	0.46854	0.39059	0.38034	0.43067	0.36986	0.47191	0.42413	-0.065947	-0.0032418	0.047944	-0.078967	-0.23249	0.17656	-0.071428	-0.11236	0.50654	0.39456	0.29316	0.1894	0.55755	0.56084	-0.0081514	0.17402	0.12878	0.095371	0.31926	-0.20541	-0.40701	-0.33502	
 IFG_orbitalis_R 	0.22877	0.42553	0.46594	0.46293	0.26946	0.31719	0.27344	0.26307	0.27625	0.26608	0.45168	0.55191	0.59422	1	0.37658	0.5261	0.53193	0.5121	0.075937	-0.044352	0.25552	0.36848	-0.14563	0.18513	0.050759	0.27179	-0.092727	0.15393	0.12005	0.095609	0.34006	0.40536	-0.20925	0.10179	0.51738	0.39285	0.54079	0.59146	0.54242	0.619	0.49705	0.50699	0.42362	0.28835	0.37138	0.40931	0.027233	0.2082	0.22735	0.22324	0.39973	0.38221	0.11852	0.11128	0.27347	0.25306	0.089619	0.069875	-0.0044551	0.044446	-0.3763	0.02652	-0.11091	-0.14011	0.36042	0.35746	0.27645	0.27873	0.3912	0.35771	0.026581	0.053379	0.0583	0.10016	0.23941	-0.060122	-0.52345	-0.27874	
 IFG_triangularis_L 	0.38816	0.34513	0.34823	0.28011	0.29666	0.053781	0.45327	0.35559	0.4489	0.20436	0.6682	0.42738	0.65584	0.37658	1	0.64369	0.60134	0.25409	0.16629	0.084397	-0.06879	0.27576	0.17437	0.19205	0.17705	0.29501	0.27823	0.28879	0.32731	0.091276	0.46525	0.37674	-0.017741	0.1254	0.20387	0.11797	0.28597	0.21251	0.62983	0.52532	0.33536	0.34636	0.56578	0.34579	0.41757	0.36295	0.099064	0.051098	0.45601	0.47202	0.32303	0.37893	0.17833	0.14563	0.2179	0.12826	-0.2183	-0.15016	-0.042746	0.019274	-0.38672	0.14369	-0.11569	-0.17136	0.23859	0.039587	0.16305	0.078256	0.48794	0.53348	-0.19724	-0.043592	0.14889	0.17433	0.11545	-0.054062	-0.3263	-0.43058	
 IFG_triangularis_R 	0.22867	0.48503	0.25629	0.4231	0.19152	0.26871	0.39151	0.50548	0.57519	0.38399	0.60568	0.62867	0.42589	0.5261	0.64369	1	0.389	0.39303	0.2396	0.095658	0.030358	0.35252	0.072115	0.27243	0.1476	0.42921	0.23354	0.33172	0.49934	0.27875	0.44964	0.52022	0.0058672	0.2718	0.38052	0.34559	0.39378	0.39872	0.60353	0.71267	0.27362	0.35627	0.56927	0.63134	0.39417	0.46908	0.087949	0.14315	0.44991	0.49944	0.52931	0.53548	0.078607	0.13337	0.17331	0.19678	-0.13772	-0.040729	-0.090256	-0.0077124	-0.40969	-0.012363	-0.13399	-0.1084	0.26481	0.23664	0.22564	0.20255	0.53685	0.54465	-0.063479	-0.027575	0.13682	0.15357	0.13581	-0.2004	-0.34673	-0.31069	
 LFOG_L 	0.34867	0.32302	0.42007	0.37955	0.34643	0.28693	0.33751	0.23424	0.16802	0.10096	0.48144	0.36557	0.66213	0.53193	0.60134	0.389	1	0.43324	0.14227	-0.02375	0.23582	0.35985	0.13557	0.26989	0.1712	0.32267	0.20573	0.31305	0.097057	-0.039681	0.35731	0.39229	-0.059313	0.1288	0.32818	0.17026	0.47434	0.45903	0.60374	0.54755	0.46669	0.45701	0.46427	0.22382	0.50021	0.43951	0.16208	0.15639	0.31018	0.34361	0.36371	0.33203	0.23289	0.17016	0.29284	0.22319	-0.0033095	-0.015843	-0.064047	-0.13802	-0.45363	0.088905	-0.064775	-0.17199	0.32443	0.19821	0.29995	0.19204	0.42536	0.43007	-0.13688	-0.015006	0.16645	0.19315	0.083587	-0.16863	-0.50786	-0.37652	
 LFOG_R 	0.10681	0.34534	0.30877	0.4869	0.278	0.54489	0.24064	0.34927	0.14678	0.37497	0.20789	0.54727	0.3036	0.5121	0.25409	0.39303	0.43324	1	0.49463	0.36398	0.41189	0.613	-0.28231	-0.075553	-0.23387	0.048382	-0.14586	0.093615	-0.017327	-0.077789	0.39841	0.5129	-0.26923	0.044233	0.33718	0.21354	0.44452	0.43891	0.51806	0.64561	0.3	0.56069	0.45804	0.38633	0.46972	0.59197	0.074606	0.21962	0.2535	0.25645	0.51396	0.43081	0.17173	0.16526	0.2778	0.30679	0.039719	0.017348	0.014745	0.016573	-0.17912	0.0091235	-0.28438	-0.31189	0.33006	0.37989	-0.13902	-0.094279	0.24386	0.2476	-0.11646	-0.14905	0.012613	0.0037034	0.09313	-0.23087	-0.48017	-0.27839	
 MFOG_L 	0.042136	0.19655	0.27809	0.31471	0.46899	0.51551	0.4195	0.31554	0.26656	0.4368	0.28234	0.4436	0.19435	0.075937	0.16629	0.2396	0.14227	0.49463	1	0.67577	0.41209	0.64271	-0.35411	-0.28082	-0.32385	-0.044371	-0.21918	-0.050662	-0.046648	-0.11081	0.44626	0.39825	0.10517	0.2375	0.18738	0.14943	0.21165	0.16779	0.33751	0.41252	0.037187	0.20084	0.22418	0.17705	0.30214	0.41706	-0.016023	0.15861	0.29037	0.3041	0.33223	0.33556	0.12778	0.19596	0.23095	0.24598	0.017828	0.064968	0.084573	-0.27737	0.18195	0.076984	-0.038228	-0.15714	0.40265	0.35669	-0.2311	-0.25491	0.24042	0.22213	0.13126	0.068504	0.21307	0.035799	0.099834	-0.37148	-0.10995	-0.17766	
 MFOG_R 	0.06513	0.19638	0.38284	0.27522	0.53524	0.46226	0.28384	0.26864	0.20034	0.39888	0.21492	0.31229	0.12756	-0.044352	0.084397	0.095658	-0.02375	0.36398	0.67577	1	0.58252	0.64011	-0.2718	-0.054573	-0.15326	0.19209	-0.069464	0.061862	-0.11354	-0.0059868	0.30522	0.27833	0.08158	0.20024	0.020904	0.15481	0.058814	0.17824	0.17284	0.23894	-0.046462	0.21064	0.17949	0.14844	0.30151	0.38168	0.30047	0.3563	0.30157	0.25005	0.37437	0.37768	0.28835	0.37828	0.23485	0.31548	0.12025	0.24238	0.29607	-0.087854	0.3326	0.18738	0.032108	0.10453	0.24538	0.26862	-0.16332	-0.20876	0.29324	0.23519	0.17888	0.072657	0.1432	-0.088809	0.12156	-0.29746	-0.12695	-0.29018	
 RG_L 	0.075733	0.2019	0.4997	0.41205	0.37032	0.54358	0.16536	0.17251	0.082197	0.23476	0.15748	0.27927	0.24819	0.25552	-0.06879	0.030358	0.23582	0.41189	0.41209	0.58252	1	0.70797	-0.16607	0.1675	0.0075376	0.33866	-0.05641	0.12572	-0.25856	0.029428	0.10435	0.20825	0.093003	0.27038	0.19064	0.26717	0.14211	0.30133	0.13535	0.2517	-0.021007	0.19553	-0.03757	0.01514	0.18354	0.28668	0.39126	0.46316	0.15793	0.12299	0.31712	0.30485	0.34064	0.35324	0.27174	0.3749	0.47875	0.48609	0.26851	0.00081747	0.1475	0.1469	0.15815	0.18693	0.37001	0.47828	0.048434	0.053969	0.3064	0.18179	0.1783	0.093987	0.031531	-0.056619	0.20441	-0.15836	-0.29812	-0.28	
 RG_R 	0.17364	0.29073	0.56249	0.61831	0.60545	0.65425	0.49878	0.4092	0.20158	0.4289	0.49737	0.57427	0.48457	0.36848	0.27576	0.35252	0.35985	0.613	0.64271	0.64011	0.70797	1	-0.31283	0.050856	-0.15813	0.27852	-0.037901	0.19007	-0.1738	-0.1133	0.51973	0.53031	-0.035161	0.30421	0.16627	0.15649	0.26994	0.38788	0.55907	0.58711	0.28043	0.4914	0.39282	0.20276	0.54293	0.63143	0.38003	0.50479	0.42339	0.41321	0.54511	0.5273	0.43541	0.48434	0.46868	0.54404	0.1486	0.25687	0.15945	-0.069769	0.074245	0.27273	-0.077079	-0.062537	0.63603	0.64787	-0.10822	-0.13601	0.51154	0.43641	0.07088	0.12826	0.10915	-0.13266	0.36898	-0.31333	-0.34378	-0.28612	
 PoCG_L 	0.24113	0.16059	-0.10786	-0.20593	-0.15703	-0.21489	-0.20472	-0.12217	0.0011563	-0.24702	-0.083609	-0.30604	0.053057	-0.14563	0.17437	0.072115	0.13557	-0.28231	-0.35411	-0.2718	-0.16607	-0.31283	1	0.64367	0.7902	0.4018	0.46552	0.26966	0.3823	0.43895	-0.39549	-0.28917	0.092342	-0.013622	0.19728	0.30043	0.056979	0.0082614	-0.12977	-0.085355	-0.094577	-0.23778	-0.15554	0.10136	-0.11705	-0.17968	0.12277	-0.12371	-0.041266	0.0252	-0.041859	-0.041425	0.025224	-0.051268	-0.039331	-0.095081	0.13502	0.084205	-0.19998	-0.0057818	-0.20691	-0.030196	0.37842	0.23203	-0.28939	-0.28313	0.35244	0.40749	0.13585	0.21003	0.06841	0.11063	-0.041842	0.14754	-0.16563	0.11706	0.085366	0.060283	
 PoCG_R 	0.37169	0.31677	0.25659	0.18326	0.17222	0.12291	0.06543	0.14634	0.21329	0.097027	0.16817	0.083968	0.3239	0.18513	0.19205	0.27243	0.26989	-0.075553	-0.28082	-0.054573	0.1675	0.050856	0.64367	1	0.70573	0.78764	0.54289	0.6065	0.21005	0.38409	-0.079189	0.056324	0.16363	0.27148	0.3326	0.45445	0.21258	0.27375	0.16536	0.20826	0.12949	0.18815	0.20683	0.20782	0.24967	0.22402	0.54987	0.44814	0.25717	0.21849	0.28561	0.23997	0.49409	0.44189	0.37454	0.40391	0.18683	0.22851	-0.038616	0.071238	-0.18752	0.12149	0.27341	0.32041	0.11565	0.10491	0.50684	0.47846	0.55173	0.53482	0.016912	0.073686	-0.088484	0.082987	-0.00010484	-0.0056336	-0.17803	-0.11002	
 PrCG_L 	0.45367	0.31713	0.14709	-0.050304	0.0067403	-0.13247	-0.0060537	-0.012016	0.21445	-0.054116	0.087325	-0.17342	0.12864	0.050759	0.17705	0.1476	0.1712	-0.23387	-0.32385	-0.15326	0.0075376	-0.15813	0.7902	0.70573	1	0.60242	0.41959	0.29987	0.36113	0.43406	-0.16268	-0.14172	0.25266	0.1996	0.29518	0.40383	0.12453	0.19938	-0.029127	-0.0010544	-0.045597	-0.11708	-0.016124	0.064168	-0.03264	-0.033403	0.23382	0.10907	0.073209	0.091174	0.092584	0.068836	0.1916	0.15018	0.086199	0.015993	0.25237	0.27462	-0.2511	-0.062547	-0.24184	0.096216	0.55874	0.47845	-0.087427	-0.067697	0.55552	0.5207	0.33316	0.40696	0.1363	0.13817	0.15236	0.20879	-0.089572	0.11957	0.058044	-0.049071	
 PrCG_R 	0.5675	0.6291	0.49122	0.43365	0.29147	0.28752	0.38009	0.47074	0.44013	0.35207	0.44073	0.32282	0.35367	0.27179	0.29501	0.42921	0.32267	0.048382	-0.044371	0.19209	0.33866	0.27852	0.4018	0.78764	0.60242	1	0.56935	0.67339	0.22394	0.34994	0.13839	0.25389	0.29023	0.46209	0.16482	0.33628	0.14301	0.26742	0.23934	0.35728	0.12025	0.25918	0.31322	0.3086	0.34741	0.37891	0.51836	0.38059	0.44862	0.45746	0.47024	0.48467	0.34235	0.35729	0.31693	0.32061	0.20258	0.31356	-0.01503	-0.053876	-0.21131	0.065715	0.26463	0.41841	0.13265	0.16305	0.47075	0.30065	0.61721	0.5882	-0.043423	-0.0015554	-0.04207	0.059929	-0.066778	-0.19561	-0.34524	-0.40401	
 SPG_L 	0.52891	0.42135	0.32917	0.33377	0.15125	0.10037	0.41374	0.53018	0.39759	0.34432	0.30584	0.1707	0.21889	-0.092727	0.27823	0.23354	0.20573	-0.14586	-0.21918	-0.069464	-0.05641	-0.037901	0.46552	0.54289	0.41959	0.56935	1	0.777	0.21428	0.14257	0.1613	0.29284	0.33895	0.39656	-0.13754	-0.056938	-0.086772	-0.072354	0.11412	0.09305	0.16902	0.17462	0.31218	0.24775	0.24171	0.12087	0.53131	0.12792	0.5214	0.52931	0.3003	0.2555	0.16139	0.11469	0.17136	0.067974	-0.00027066	0.11739	-0.10668	-0.12284	-0.26958	-0.051616	0.14899	0.25907	-0.057645	-0.12577	0.29299	0.0097417	0.48424	0.49896	-0.23153	0.0096605	-0.07305	-0.11383	-0.070807	-0.23529	-0.22143	-0.31519	
 SPG_R 	0.51909	0.51755	0.43477	0.53609	0.34571	0.38189	0.47959	0.59184	0.38565	0.4915	0.46543	0.38671	0.44067	0.15393	0.28879	0.33172	0.31305	0.093615	-0.050662	0.061862	0.12572	0.19007	0.26966	0.6065	0.29987	0.67339	0.777	1	0.11111	0.057988	0.30313	0.45349	0.18002	0.41385	0.078632	0.072792	0.12322	0.12993	0.35525	0.34751	0.34438	0.42563	0.47475	0.34865	0.42152	0.34185	0.52661	0.2915	0.56084	0.54345	0.41058	0.37746	0.31311	0.27348	0.32846	0.32933	-0.021309	0.10557	-0.065161	-0.15498	-0.2171	-0.085398	0.0033006	0.1702	0.097287	0.083799	0.26705	-0.026212	0.53182	0.53193	-0.14529	-0.013125	-0.12214	-0.031547	-0.066416	-0.4056	-0.41765	-0.33953	
 SMG_L 	0.052938	0.32938	-0.055241	0.018441	-0.15463	-0.0051712	-0.086212	0.18814	0.34036	0.15177	0.17053	0.082119	0.038126	0.12005	0.32731	0.49934	0.097057	-0.017327	-0.046648	-0.11354	-0.25856	-0.1738	0.3823	0.21005	0.36113	0.22394	0.21428	0.11111	1	0.72833	-0.036438	0.021657	0.08833	0.090372	0.31444	0.34802	0.10368	0.12969	0.050743	0.18601	-0.019942	-0.081009	0.049236	0.42714	-0.067627	0.027498	-0.20903	-0.25085	0.10351	0.18868	0.18046	0.20433	-0.34013	-0.2504	-0.24677	-0.31361	0.14123	0.093694	-0.24361	-0.12293	-0.17117	-0.084023	0.31717	0.25878	-0.22743	-0.12677	0.45612	0.44737	0.20984	0.23544	0.066946	-0.17507	0.1993	0.23997	-0.042832	0.09083	0.0096122	0.0115	
 SMG_R 	-0.013422	0.29132	0.0048382	-0.03694	-0.178	0.028941	-0.18843	0.066387	0.25686	0.055757	-0.049885	0.0068075	-0.0058473	0.095609	0.091276	0.27875	-0.039681	-0.077789	-0.11081	-0.0059868	0.029428	-0.1133	0.43895	0.38409	0.43406	0.34994	0.14257	0.057988	0.72833	1	-0.22136	-0.13889	0.22891	0.24447	0.32384	0.46867	-0.043733	0.099792	-0.19675	0.028552	-0.22992	-0.29171	-0.29069	0.22694	-0.27913	-0.12981	-0.012114	-0.045992	-0.074317	-0.0025741	0.081994	0.19067	-0.2268	-0.1313	-0.24875	-0.23205	0.34398	0.34428	-0.082685	0.021079	-0.061405	-0.01912	0.55207	0.50377	-0.17316	0.0018548	0.46491	0.56998	0.24449	0.19738	0.30512	-0.071593	0.14732	0.16914	-0.030854	0.241	0.023783	0.018144	
 AG_L 	0.41256	0.35103	0.51445	0.58274	0.63615	0.41555	0.75276	0.56886	0.5039	0.60952	0.63428	0.60128	0.44078	0.34006	0.46525	0.44964	0.35731	0.39841	0.44626	0.30522	0.10435	0.51973	-0.39549	-0.079189	-0.16268	0.13839	0.1613	0.30313	-0.036438	-0.22136	1	0.78376	0.18077	0.39647	0.068387	-0.13078	0.084945	0.12163	0.62841	0.44899	0.39669	0.47537	0.68555	0.29	0.45554	0.40839	0.189	0.288	0.43737	0.38769	0.29487	0.2913	0.2652	0.28141	0.29243	0.27336	-0.19962	0.045999	-0.11507	-0.22587	-0.058994	-0.0034004	-0.062112	-0.006947	0.55443	0.38312	0.028593	-0.24602	0.48459	0.48837	-0.011173	0.1435	0.35314	0.012724	0.21392	-0.32925	-0.30965	-0.39238	
 AG_R 	0.27078	0.48259	0.46777	0.61435	0.57904	0.58441	0.62963	0.79722	0.49266	0.66062	0.50331	0.77494	0.39495	0.40536	0.37674	0.52022	0.39229	0.5129	0.39825	0.27833	0.20825	0.53031	-0.28917	0.056324	-0.14172	0.25389	0.29284	0.45349	0.021657	-0.13889	0.78376	1	0.055204	0.40905	0.12245	-0.016887	0.18875	0.29	0.563	0.59251	0.31944	0.56317	0.63914	0.42987	0.53992	0.55306	0.30655	0.28712	0.67556	0.64119	0.559	0.52581	0.2457	0.26073	0.37253	0.31112	-0.0075895	0.027417	-0.15654	-0.24299	-0.15373	-0.050193	-0.13817	-0.15925	0.40462	0.39025	0.043071	-0.20293	0.56546	0.52397	0.062043	0.018168	0.19158	0.02265	0.18618	-0.45255	-0.44378	-0.36731	
 PrCu_L 	0.23549	0.11814	0.1147	0.040155	0.048019	0.011167	0.30733	0.16314	0.27075	0.20297	0.07406	0.0020107	0.081896	-0.20925	-0.017741	0.0058672	-0.059313	-0.26923	0.10517	0.08158	0.093003	-0.035161	0.092342	0.16363	0.25266	0.29023	0.33895	0.18002	0.08833	0.22891	0.18077	0.055204	1	0.81908	0.0086627	0.12212	-0.20895	-0.057013	-0.13395	-0.037591	-0.11772	-0.1349	-0.030476	-0.017844	0.0057433	-0.058391	0.28547	0.24206	0.21473	0.1591	-0.0057763	0.043272	0.10526	0.13447	0.020111	-0.010452	0.12896	0.35176	-0.013853	-0.14522	0.086898	0.0074519	0.55252	0.53913	0.18146	0.22302	0.38757	0.17067	0.30671	0.31664	0.049214	0.018208	0.30123	0.021327	0.074476	0.048077	0.14829	-0.081	
 PrCu_R 	0.34016	0.36568	0.37157	0.36684	0.2492	0.2979	0.50304	0.48219	0.36145	0.42714	0.28253	0.39617	0.28566	0.10179	0.1254	0.2718	0.1288	0.044233	0.2375	0.20024	0.27038	0.30421	-0.013622	0.27148	0.1996	0.46209	0.39656	0.41385	0.090372	0.24447	0.39647	0.40905	0.81908	1	0.11402	0.187	-0.051011	0.16118	0.1756	0.34937	0.087107	0.20587	0.22365	0.16161	0.31533	0.32859	0.40065	0.4839	0.44198	0.39787	0.34975	0.39671	0.23309	0.30108	0.26363	0.26005	0.096734	0.31978	-0.013534	-0.17886	-0.02351	0.077201	0.41482	0.43232	0.43797	0.55207	0.38258	0.094684	0.59024	0.56039	0.023827	-0.055227	0.21824	-0.09591	0.17676	-0.2125	-0.11985	-0.20586	
 STG_L 	-0.026155	0.13945	0.082763	0.0041843	0.18725	0.19901	-0.083418	-0.093814	0.12049	-0.017693	0.15774	0.18507	0.45806	0.51738	0.20387	0.38052	0.32818	0.33718	0.18738	0.020904	0.19064	0.16627	0.19728	0.3326	0.29518	0.16482	-0.13754	0.078632	0.31444	0.32384	0.068387	0.12245	0.0086627	0.11402	1	0.83794	0.63984	0.65897	0.41448	0.48981	0.20821	0.21995	0.16076	0.3667	0.16146	0.23914	-0.024865	0.1856	0.067088	0.049524	0.2374	0.1837	0.12634	0.13815	0.15323	0.19484	0.1942	0.13468	-0.12202	0.0050852	-0.2725	0.036008	0.23488	0.030816	0.29746	0.35223	0.38111	0.55572	0.32884	0.32806	0.31046	0.15316	0.19963	0.39623	0.088973	0.0098223	-0.16233	0.016522	
 STG_R 	-0.048184	0.19509	0.034225	-0.081369	0.081932	0.1278	-0.19475	-0.075293	0.13864	-0.028674	0.051772	0.13451	0.32187	0.39285	0.11797	0.34559	0.17026	0.21354	0.14943	0.15481	0.26717	0.15649	0.30043	0.45445	0.40383	0.33628	-0.056938	0.072792	0.34802	0.46867	-0.13078	-0.016887	0.12212	0.187	0.83794	1	0.61006	0.68695	0.15799	0.39047	0.023497	0.069569	0.022622	0.33124	0.12596	0.24578	0.1005	0.21724	0.13216	0.096678	0.30628	0.28218	0.13918	0.15667	0.20054	0.1741	0.32237	0.26937	-0.024038	0.07412	-0.19239	0.12783	0.29428	0.13408	0.1786	0.28828	0.5074	0.66195	0.37397	0.33724	0.30494	0.082918	0.15445	0.39141	0.079911	0.035879	-0.05248	0.022495	
 STG_L_pole 	-0.010291	0.15846	0.088646	0.17408	0.13467	0.21933	0.02493	0.023919	0.12218	0.10193	0.29613	0.29879	0.48174	0.54079	0.28597	0.39378	0.47434	0.44452	0.21165	0.058814	0.14211	0.26994	0.056979	0.21258	0.12453	0.14301	-0.086772	0.12322	0.10368	-0.043733	0.084945	0.18875	-0.20895	-0.051011	0.63984	0.61006	1	0.82567	0.49804	0.57732	0.36748	0.373	0.37561	0.35043	0.44729	0.46116	0.049821	0.14499	0.2506	0.26717	0.3881	0.31877	0.18293	0.18084	0.33736	0.31127	-0.001889	-0.030399	-0.016438	0.048436	-0.46424	0.12111	-0.19848	-0.34633	0.22476	0.21528	0.14431	0.25307	0.23633	0.28911	-0.043954	0.00241	0.0080752	0.26741	0.061386	-0.13247	-0.27599	-0.12417	
 STG_R_pole 	-0.0012691	0.2277	0.20233	0.19034	0.25509	0.31131	0.04969	0.098096	0.12459	0.13059	0.27684	0.39051	0.50902	0.59146	0.21251	0.39872	0.45903	0.43891	0.16779	0.17824	0.30133	0.38788	0.0082614	0.27375	0.19938	0.26742	-0.072354	0.12993	0.12969	0.099792	0.12163	0.29	-0.057013	0.16118	0.65897	0.68695	0.82567	1	0.43674	0.5662	0.31152	0.42292	0.30877	0.30255	0.46447	0.52662	0.21716	0.31802	0.32463	0.32798	0.50138	0.43082	0.24676	0.29897	0.39166	0.33823	0.21253	0.15582	-0.030049	0.043273	-0.32859	0.22956	-0.014802	-0.12892	0.3191	0.42941	0.35589	0.41778	0.39534	0.38613	0.1259	0.018549	0.096838	0.20701	0.16354	-0.15468	-0.28354	-0.082475	
 MTG_L 	0.34371	0.26489	0.4236	0.47785	0.56721	0.35844	0.54848	0.29639	0.19402	0.24839	0.72739	0.55159	0.73084	0.54242	0.62983	0.60353	0.60374	0.51806	0.33751	0.17284	0.13535	0.55907	-0.12977	0.16536	-0.029127	0.23934	0.11412	0.35525	0.050743	-0.19675	0.62841	0.563	-0.13395	0.1756	0.41448	0.15799	0.49804	0.43674	1	0.81496	0.69073	0.73912	0.78707	0.44263	0.71997	0.6743	0.20063	0.34974	0.47064	0.48108	0.52842	0.48567	0.4102	0.40753	0.50243	0.51123	-0.37705	-0.28513	-0.044236	-0.12755	-0.29226	0.13001	-0.28548	-0.29662	0.64345	0.50511	-0.022481	-0.10323	0.52239	0.56977	-0.12916	0.13559	0.066939	0.070801	0.2077	-0.34925	-0.32678	-0.25069	
 MTG_R 	0.22948	0.46367	0.40708	0.52621	0.37154	0.48541	0.43663	0.44433	0.22859	0.31782	0.57182	0.67498	0.60809	0.619	0.52532	0.71267	0.54755	0.64561	0.41252	0.23894	0.2517	0.58711	-0.085355	0.20826	-0.0010544	0.35728	0.09305	0.34751	0.18601	0.028552	0.44899	0.59251	-0.037591	0.34937	0.48981	0.39047	0.57732	0.5662	0.81496	1	0.55167	0.69961	0.63757	0.58967	0.72019	0.7987	0.1667	0.34309	0.57008	0.58591	0.77296	0.75099	0.2695	0.29404	0.44796	0.43741	-0.18751	-0.16748	0.0025385	-0.075465	-0.39397	0.092689	-0.24456	-0.29261	0.54297	0.56766	0.065113	0.0052608	0.60186	0.62348	-0.10015	-0.046079	-0.0039405	0.08623	0.1384	-0.35933	-0.41537	-0.24549	
 MTG_L_pole 	0.38353	0.19161	0.43155	0.47154	0.4113	0.23949	0.4507	0.15927	-0.046402	0.18924	0.50616	0.34367	0.6299	0.49705	0.33536	0.27362	0.46669	0.3	0.037187	-0.046462	-0.021007	0.28043	-0.094577	0.12949	-0.045597	0.12025	0.16902	0.34438	-0.019942	-0.22992	0.39669	0.31944	-0.11772	0.087107	0.20821	0.023497	0.36748	0.31152	0.69073	0.55167	1	0.72432	0.65236	0.35092	0.65809	0.496	0.10133	0.21818	0.31555	0.30677	0.38858	0.30212	0.27493	0.25373	0.46392	0.35462	-0.31788	-0.26838	-0.061056	-0.2251	-0.18165	0.055484	-0.32419	-0.27757	0.44023	0.35755	0.12189	-0.099152	0.38238	0.43604	-0.17961	0.11478	0.058238	-0.046282	0.23217	-0.19761	-0.28077	-0.11326	
 MTG_R_pole 	0.30683	0.33213	0.48558	0.57689	0.51293	0.47425	0.5164	0.38376	0.073583	0.39136	0.53719	0.5757	0.57874	0.50699	0.34636	0.35627	0.45701	0.56069	0.20084	0.21064	0.19553	0.4914	-0.23778	0.18815	-0.11708	0.25918	0.17462	0.42563	-0.081009	-0.29171	0.47537	0.56317	-0.1349	0.20587	0.21995	0.069569	0.373	0.42292	0.73912	0.69961	0.72432	1	0.78193	0.40769	0.82369	0.76773	0.34066	0.4586	0.53566	0.47587	0.65604	0.52034	0.43363	0.41354	0.54637	0.5199	-0.18467	-0.19952	-0.069525	-0.10085	-0.10465	0.048382	-0.37601	-0.29443	0.51163	0.45688	0.052061	-0.18307	0.52008	0.53842	-0.17979	-0.002981	0.0060508	-0.075172	0.27659	-0.41119	-0.46154	-0.27823	
 ITG_L 	0.44152	0.32485	0.38514	0.51924	0.5334	0.29569	0.61612	0.46415	0.34908	0.46026	0.64725	0.59679	0.56417	0.42362	0.56578	0.56927	0.46427	0.45804	0.22418	0.17949	-0.03757	0.39282	-0.15554	0.20683	-0.016124	0.31322	0.31218	0.47475	0.049236	-0.29069	0.68555	0.63914	-0.030476	0.22365	0.16076	0.022622	0.37561	0.30877	0.78707	0.63757	0.65236	0.78193	1	0.48585	0.78243	0.66646	0.33008	0.36261	0.60662	0.54011	0.50348	0.39176	0.45153	0.41686	0.55199	0.49842	-0.37873	-0.22977	-0.13981	-0.14649	-0.19571	0.023694	-0.36837	-0.24323	0.44869	0.29257	0.11828	-0.13357	0.55402	0.59276	-0.31148	-0.015252	0.11525	0.0057884	0.20222	-0.3387	-0.43428	-0.43186	
 ITG_R 	0.11843	0.45845	0.17726	0.39569	0.22997	0.39737	0.17036	0.41354	0.31706	0.36594	0.32569	0.36945	0.23792	0.28835	0.34579	0.63134	0.22382	0.38633	0.17705	0.14844	0.01514	0.20276	0.10136	0.20782	0.064168	0.3086	0.24775	0.34865	0.42714	0.22694	0.29	0.42987	-0.017844	0.16161	0.3667	0.33124	0.35043	0.30255	0.44263	0.58967	0.35092	0.40769	0.48585	1	0.37125	0.42199	0.074688	0.027999	0.40446	0.42166	0.51621	0.53504	-0.01625	0.047333	0.11275	0.14908	0.040954	0.099661	-0.089509	-0.039799	-0.28705	-0.29923	-0.052165	-0.090765	0.059469	0.14088	0.21987	0.091117	0.45295	0.47935	-0.035327	-0.054924	0.089202	0.26018	0.025077	-0.16408	-0.34221	-0.25291	
 FuG_L 	0.30012	0.23184	0.44231	0.49202	0.56884	0.42688	0.5102	0.39018	0.077815	0.33373	0.52178	0.5558	0.6072	0.37138	0.41757	0.39417	0.50021	0.46972	0.30214	0.30151	0.18354	0.54293	-0.11705	0.24967	-0.03264	0.34741	0.24171	0.42152	-0.067627	-0.27913	0.45554	0.53992	0.0057433	0.31533	0.16146	0.12596	0.44729	0.46447	0.71997	0.72019	0.65809	0.82369	0.78243	0.37125	1	0.89912	0.44771	0.53108	0.70927	0.64236	0.69049	0.59985	0.56416	0.57046	0.73881	0.66907	-0.25072	-0.17073	0.041592	-0.11981	-0.1183	0.18375	-0.33181	-0.29555	0.53401	0.49736	0.096803	-0.12518	0.56692	0.61113	-0.22062	-0.047101	0.040578	-0.058087	0.26544	-0.45592	-0.39175	-0.32219	
 FuG_R 	0.26409	0.3518	0.47323	0.50442	0.50708	0.48452	0.44645	0.4542	0.13998	0.37572	0.4366	0.60816	0.48763	0.40931	0.36295	0.46908	0.43951	0.59197	0.41706	0.38168	0.28668	0.63143	-0.17968	0.22402	-0.033403	0.37891	0.12087	0.34185	0.027498	-0.12981	0.40839	0.55306	-0.058391	0.32859	0.23914	0.24578	0.46116	0.52662	0.6743	0.7987	0.496	0.76773	0.66646	0.42199	0.89912	1	0.36187	0.52775	0.69083	0.6564	0.83031	0.77617	0.48003	0.53688	0.68792	0.63881	-0.14489	-0.12016	0.035443	-0.093186	-0.13342	0.22583	-0.25558	-0.24209	0.53374	0.56018	0.10432	-0.064477	0.59096	0.63278	-0.13427	-0.11292	-0.0076541	-0.0072774	0.18438	-0.46303	-0.35319	-0.2744	
 SOG_L 	0.19103	0.096877	0.33239	0.29843	0.41089	0.31569	0.2989	0.26362	0.14208	0.24833	0.23229	0.27802	0.31233	0.027233	0.099064	0.087949	0.16208	0.074606	-0.016023	0.30047	0.39126	0.38003	0.12277	0.54987	0.23382	0.51836	0.53131	0.52661	-0.20903	-0.012114	0.189	0.30655	0.28547	0.40065	-0.024865	0.1005	0.049821	0.21716	0.20063	0.1667	0.10133	0.34066	0.33008	0.074688	0.44771	0.36187	1	0.7105	0.51518	0.37661	0.37626	0.29937	0.68158	0.64382	0.51266	0.57398	0.1048	0.26543	0.13738	0.048173	0.10861	0.16448	0.11787	0.21598	0.33487	0.32448	0.12615	0.019971	0.50979	0.42844	0.021517	0.098159	-0.011863	-0.092803	0.2019	-0.10666	-0.17871	-0.20735	
 SOG_R 	0.081378	-0.053425	0.3499	0.26736	0.45138	0.338	0.28927	0.12221	-0.0063568	0.17111	0.18472	0.36371	0.34145	0.2082	0.051098	0.14315	0.15639	0.21962	0.15861	0.3563	0.46316	0.50479	-0.12371	0.44814	0.10907	0.38059	0.12792	0.2915	-0.25085	-0.045992	0.288	0.28712	0.24206	0.4839	0.1856	0.21724	0.14499	0.31802	0.34974	0.34309	0.21818	0.4586	0.36261	0.027999	0.53108	0.52775	0.7105	1	0.31122	0.14106	0.37926	0.31702	0.81358	0.86272	0.63254	0.81275	6.7699e-05	0.15247	0.15004	-0.028198	0.17101	0.26231	0.075008	0.14471	0.62192	0.6653	0.13314	0.011052	0.49891	0.42987	0.0023895	-0.013161	-0.055441	-0.16613	0.31596	-0.12865	-0.10579	-0.080027	
 MOG_L 	0.33875	0.42904	0.46857	0.48583	0.49348	0.417	0.56996	0.69215	0.43546	0.54366	0.50483	0.64923	0.48782	0.22735	0.45601	0.44991	0.31018	0.2535	0.29037	0.30157	0.15793	0.42339	-0.041266	0.25717	0.073209	0.44862	0.5214	0.56084	0.10351	-0.074317	0.43737	0.67556	0.21473	0.44198	0.067088	0.13216	0.2506	0.32463	0.47064	0.57008	0.31555	0.53566	0.60662	0.40446	0.70927	0.69083	0.51518	0.31122	1	0.93777	0.73833	0.68551	0.39956	0.38711	0.59368	0.39726	-0.02376	0.00045593	0.038345	-0.14699	-0.18056	0.12019	-0.12846	-0.11702	0.31771	0.27615	0.18217	-0.052876	0.68374	0.70444	-0.15877	-0.097149	0.067427	0.026229	0.16596	-0.45202	-0.35946	-0.45577	
 MOG_R 	0.36496	0.49852	0.4485	0.50524	0.4322	0.40597	0.57275	0.70928	0.45046	0.53759	0.53907	0.62763	0.46854	0.22324	0.47202	0.49944	0.34361	0.25645	0.3041	0.25005	0.12299	0.41321	0.0252	0.21849	0.091174	0.45746	0.52931	0.54345	0.18868	-0.0025741	0.38769	0.64119	0.1591	0.39787	0.049524	0.096678	0.26717	0.32798	0.48108	0.58591	0.30677	0.47587	0.54011	0.42166	0.64236	0.6564	0.37661	0.14106	0.93777	1	0.73023	0.72274	0.24589	0.26271	0.50173	0.2899	-0.041745	-0.028216	-0.012364	-0.19135	-0.24606	0.13543	-0.15487	-0.14707	0.26329	0.21983	0.16472	-0.054409	0.6259	0.67029	-0.17335	-0.093109	0.030633	0.028463	0.11924	-0.44918	-0.37088	-0.44795	
 IOG_L 	0.28184	0.5423	0.48589	0.53222	0.37482	0.51988	0.4197	0.5721	0.25892	0.42179	0.40916	0.63734	0.39059	0.39973	0.32303	0.52931	0.36371	0.51396	0.33223	0.37437	0.31712	0.54511	-0.041859	0.28561	0.092584	0.47024	0.3003	0.41058	0.18046	0.081994	0.29487	0.559	-0.0057763	0.34975	0.2374	0.30628	0.3881	0.50138	0.52842	0.77296	0.38858	0.65604	0.50348	0.51621	0.69049	0.83031	0.37626	0.37926	0.73833	0.73023	1	0.92434	0.28179	0.34675	0.45894	0.35746	0.019722	-0.017383	-0.00037877	-0.12742	-0.26961	0.12351	-0.1359	-0.1484	0.36864	0.4404	0.10427	-0.056734	0.65824	0.67891	-0.072918	-0.082642	-0.057574	0.027108	0.09551	-0.43141	-0.34933	-0.27045	
 IOG_R 	0.24931	0.57442	0.49554	0.50522	0.36638	0.4869	0.40273	0.57749	0.3023	0.40015	0.42109	0.57765	0.38034	0.38221	0.37893	0.53548	0.33203	0.43081	0.33556	0.37768	0.30485	0.5273	-0.041425	0.23997	0.068836	0.48467	0.2555	0.37746	0.20433	0.19067	0.2913	0.52581	0.043272	0.39671	0.1837	0.28218	0.31877	0.43082	0.48567	0.75099	0.30212	0.52034	0.39176	0.53504	0.59985	0.77617	0.29937	0.31702	0.68551	0.72274	0.92434	1	0.18832	0.29748	0.37429	0.31554	0.0083311	0.017112	0.031076	-0.12598	-0.27073	0.09724	-0.061244	-0.07446	0.33217	0.41626	0.13108	-0.054322	0.63987	0.66035	0.014064	-0.056444	-0.050653	0.11412	0.057641	-0.38212	-0.34397	-0.28425	
 Cu_L 	0.21615	-0.085614	0.28643	0.19939	0.51448	0.25337	0.29489	0.03728	-0.015039	0.10588	0.22903	0.25765	0.43067	0.11852	0.17833	0.078607	0.23289	0.17173	0.12778	0.28835	0.34064	0.43541	0.025224	0.49409	0.1916	0.34235	0.16139	0.31311	-0.34013	-0.2268	0.2652	0.2457	0.10526	0.23309	0.12634	0.13918	0.18293	0.24676	0.4102	0.2695	0.27493	0.43363	0.45153	-0.01625	0.56416	0.48003	0.68158	0.81358	0.39956	0.24589	0.28179	0.18832	1	0.93328	0.79788	0.84642	-0.075043	-0.0035417	0.088096	-0.040544	0.18548	0.31873	-0.063922	-0.064363	0.53639	0.42718	0.085904	-0.035326	0.45684	0.45195	-0.12416	0.041434	-0.084427	-0.13054	0.26245	-0.10051	-0.092338	-0.1409	
 Cu_R 	0.14151	-0.084232	0.29672	0.19604	0.55233	0.28956	0.28458	0.085969	0.015221	0.15183	0.23786	0.29381	0.36986	0.11128	0.14563	0.13337	0.17016	0.16526	0.19596	0.37828	0.35324	0.48434	-0.051268	0.44189	0.15018	0.35729	0.11469	0.27348	-0.2504	-0.1313	0.28141	0.26073	0.13447	0.30108	0.13815	0.15667	0.18084	0.29897	0.40753	0.29404	0.25373	0.41354	0.41686	0.047333	0.57046	0.53688	0.64382	0.86272	0.38711	0.26271	0.34675	0.29748	0.93328	1	0.77241	0.87409	-0.048582	0.064656	0.073108	-0.064923	0.19949	0.33067	0.010195	0.0044828	0.54314	0.50963	0.10491	-0.052674	0.46963	0.4635	-0.052532	0.030899	-0.082825	-0.13082	0.25614	-0.10023	-0.034887	-0.11451	
 LG_L 	0.28486	0.054358	0.36665	0.27335	0.54074	0.25511	0.34887	0.21874	0.018522	0.20731	0.2776	0.44524	0.47191	0.27347	0.2179	0.17331	0.29284	0.2778	0.23095	0.23485	0.27174	0.46868	-0.039331	0.37454	0.086199	0.31693	0.17136	0.32846	-0.24677	-0.24875	0.29243	0.37253	0.020111	0.26363	0.15323	0.20054	0.33736	0.39166	0.50243	0.44796	0.46392	0.54637	0.55199	0.11275	0.73881	0.68792	0.51266	0.63254	0.59368	0.50173	0.45894	0.37429	0.79788	0.77241	1	0.84053	-0.10374	-0.093643	0.062803	-0.10437	0.065186	0.37901	-0.20485	-0.2472	0.5958	0.52425	0.16071	-0.0079206	0.49787	0.51209	-0.20296	-0.11576	-0.1063	-0.11128	0.30624	-0.26592	-0.14722	-0.19028	
 LG_R 	0.099224	-0.069455	0.28542	0.29807	0.5215	0.35894	0.27981	0.14437	-0.057456	0.17327	0.24878	0.39822	0.42413	0.25306	0.12826	0.19678	0.22319	0.30679	0.24598	0.31548	0.3749	0.54404	-0.095081	0.40391	0.015993	0.32061	0.067974	0.32933	-0.31361	-0.23205	0.27336	0.31112	-0.010452	0.26005	0.19484	0.1741	0.31127	0.33823	0.51123	0.43741	0.35462	0.5199	0.49842	0.14908	0.66907	0.63881	0.57398	0.81275	0.39726	0.2899	0.35746	0.31554	0.84642	0.87409	0.84053	1	-0.14264	-0.032241	0.16544	0.0022172	0.11685	0.292	-0.18868	-0.17144	0.56653	0.57167	0.024405	-0.071419	0.40983	0.40164	-0.099981	-0.043434	-0.15701	-0.13385	0.37142	-0.20582	-0.16198	-0.12209	
 rostral_ACC_L 	-0.06354	0.21639	0.19838	0.10671	0.030266	0.29921	-0.20696	0.07174	0.21834	0.1927	-0.17792	-0.06405	-0.065947	0.089619	-0.2183	-0.13772	-0.0033095	0.039719	0.017828	0.12025	0.47875	0.1486	0.13502	0.18683	0.25237	0.20258	-0.00027066	-0.021309	0.14123	0.34398	-0.19962	-0.0075895	0.12896	0.096734	0.1942	0.32237	-0.001889	0.21253	-0.37705	-0.18751	-0.31788	-0.18467	-0.37873	0.040954	-0.25072	-0.14489	0.1048	6.7699e-05	-0.02376	-0.041745	0.019722	0.0083311	-0.075043	-0.048582	-0.10374	-0.14264	1	0.82478	-0.056919	0.11281	0.088437	-0.13845	0.5435	0.4053	-0.18179	0.0063781	0.38147	0.43788	0.12498	0.012619	0.23013	0.0043923	0.14738	0.065089	0.040187	0.1473	-0.091253	-0.042909	
 rostral_ACC_R 	0.053892	0.22462	0.31053	0.26263	0.14212	0.33613	-0.016565	0.13446	0.34382	0.3518	-0.030463	-0.051339	-0.0032418	0.069875	-0.15016	-0.040729	-0.015843	0.017348	0.064968	0.24238	0.48609	0.25687	0.084205	0.22851	0.27462	0.31356	0.11739	0.10557	0.093694	0.34428	0.045999	0.027417	0.35176	0.31978	0.13468	0.26937	-0.030399	0.15582	-0.28513	-0.16748	-0.26838	-0.19952	-0.22977	0.099661	-0.17073	-0.12016	0.26543	0.15247	0.00045593	-0.028216	-0.017383	0.017112	-0.0035417	0.064656	-0.093643	-0.032241	0.82478	1	0.084439	0.13018	0.080108	-0.093956	0.62326	0.61616	-0.037384	0.098612	0.41256	0.42483	0.23556	0.14663	0.21577	0.095124	0.32164	0.081288	0.12763	0.17441	-0.12798	-0.18038	
 subcallosal_ACC_L 	-0.16176	-0.19784	0.11625	0.083813	-0.088171	0.0088894	-0.081378	-0.051478	-0.17684	-0.0056107	-0.053506	0.020838	0.047944	-0.0044551	-0.042746	-0.090256	-0.064047	0.014745	0.084573	0.29607	0.26851	0.15945	-0.19998	-0.038616	-0.2511	-0.01503	-0.10668	-0.065161	-0.24361	-0.082685	-0.11507	-0.15654	-0.013853	-0.013534	-0.12202	-0.024038	-0.016438	-0.030049	-0.044236	0.0025385	-0.061056	-0.069525	-0.13981	-0.089509	0.041592	0.035443	0.13738	0.15004	0.038345	-0.012364	-0.00037877	0.031076	0.088096	0.073108	0.062803	0.16544	-0.056919	0.084439	1	0.38719	0.042833	0.19946	-0.1888	0.0022687	0.06834	0.061896	-0.22009	-0.017733	-0.046205	-0.089019	-0.13957	-0.14649	-0.15715	-0.18339	0.076578	-0.020276	-0.019935	-0.044166	
