	 SFG_L 	 SFG_R 	 SFG_PFC_L 	 SFG_PFC_R 	 SFG_pole_L 	 SFG_pole_R 	 MFG_L 	 MFG_R 	 MFG_DPFC_L 	 MFG_DPFC_R 	 IFG_opercularis_L 	 IFG_opercularis_R 	 IFG_orbitalis_L 	 IFG_orbitalis_R 	 IFG_triangularis_L 	 IFG_triangularis_R 	 LFOG_L 	 LFOG_R 	 MFOG_L 	 MFOG_R 	 RG_L 	 RG_R 	 PoCG_L 	 PoCG_R 	 PrCG_L 	 PrCG_R 	 SPG_L 	 SPG_R 	 SMG_L 	 SMG_R 	 AG_L 	 AG_R 	 PrCu_L 	 PrCu_R 	 STG_L 	 STG_R 	 STG_L_pole 	 STG_R_pole 	 MTG_L 	 MTG_R 	 MTG_L_pole 	 MTG_R_pole 	 ITG_L 	 ITG_R 	 FuG_L 	 FuG_R 	 SOG_L 	 SOG_R 	 MOG_L 	 MOG_R 	 IOG_L 	 IOG_R 	 Cu_L 	 Cu_R 	 LG_L 	 LG_R 	 rostral_ACC_L 	 rostral_ACC_R 	 subcallosal_ACC_L 	 subcallosal_ACC_R 	 subgenual_ACC_L 	 subgenual_ACC_R 	 dorsal_ACC_L 	 dorsal_ACC_R 	 PCC_L 	 PCC_R 	 Insula_L 	 Insula_R 	 CerebellumGM_L 	 CerebellumGM_R 	 Caud_L 	 Caud_R 	 Put_L 	 Put_R 	 GP_L 	 GP_R 	 Thalamus_L 	 Thalamus_R 	
 SFG_L 	1	0.85744	0.53937	0.70801	0.49852	0.50865	0.5246	0.49853	0.61882	0.54829	0.33621	0.49014	0.46231	0.61776	0.40676	0.49778	0.48512	0.49915	0.37423	0.33205	0.36436	0.38982	0.54374	0.47543	0.7136	0.70922	0.3786	0.38235	0.41429	0.29325	0.27546	0.37344	0.55812	0.5232	0.49395	0.51245	0.36937	0.41351	0.4994	0.53627	0.24117	0.25767	0.34055	0.35864	0.46052	0.49768	0.4024	0.28859	0.52896	0.53726	0.56631	0.63053	0.37721	0.40839	0.45233	0.43732	0.46702	0.44682	0.30525	0.17982	0.38066	0.30869	0.59663	0.5806	0.45864	0.52629	0.35095	0.4709	0.28117	0.33364	0.30149	0.25186	0.35559	0.3947	0.3551	0.44001	0.52976	0.48749	
 SFG_R 	0.85744	1	0.41036	0.65488	0.32525	0.37203	0.43184	0.45664	0.52781	0.47612	0.31929	0.539	0.40494	0.57659	0.345	0.50735	0.44026	0.44586	0.31232	0.36035	0.4004	0.41246	0.45646	0.43368	0.65581	0.70118	0.29802	0.37895	0.39245	0.38901	0.18224	0.35036	0.46562	0.51014	0.44808	0.51108	0.38031	0.41358	0.40303	0.48842	0.30327	0.31923	0.37707	0.4007	0.45593	0.51338	0.37311	0.2583	0.46653	0.5402	0.48932	0.54563	0.33902	0.35995	0.38474	0.38964	0.45372	0.45327	0.25859	0.34374	0.44533	0.3573	0.51005	0.52264	0.35435	0.47483	0.41024	0.52931	0.17216	0.18646	0.43485	0.3296	0.37947	0.44398	0.35727	0.47401	0.4341	0.44911	
 SFG_PFC_L 	0.53937	0.41036	1	0.86424	0.74619	0.83202	0.81592	0.74666	0.59767	0.52183	0.50187	0.53416	0.56851	0.5077	0.57482	0.52021	0.37919	0.45147	0.54968	0.37854	0.48254	0.52162	0.40403	0.39597	0.49997	0.51001	0.42704	0.49774	0.37611	0.37524	0.53994	0.51162	0.45786	0.48664	0.32701	0.31467	0.28946	0.23425	0.54256	0.44452	0.37664	0.30603	0.38018	0.32135	0.29384	0.32362	0.25058	0.19747	0.47932	0.44333	0.37046	0.51407	0.27525	0.32663	0.32278	0.31526	0.55369	0.49027	0.19437	0.34574	0.33358	0.30858	0.43132	0.44806	0.60806	0.56242	0.23547	0.19791	0.13108	0.15512	0.34126	0.43998	0.1856	0.24365	0.34188	0.33665	0.30806	0.34808	
 SFG_PFC_R 	0.70801	0.65488	0.86424	1	0.74492	0.81879	0.81414	0.82867	0.75305	0.69107	0.58261	0.66527	0.6433	0.68501	0.64166	0.69363	0.54729	0.64486	0.61434	0.56038	0.62054	0.67813	0.48184	0.45518	0.62126	0.6378	0.47778	0.53205	0.49144	0.46161	0.61357	0.66989	0.61664	0.64757	0.429	0.48819	0.42546	0.38695	0.59185	0.58498	0.41687	0.40065	0.48724	0.49426	0.49544	0.56058	0.40138	0.26541	0.6281	0.61275	0.50199	0.66873	0.34163	0.41031	0.39798	0.4111	0.676	0.64733	0.32024	0.42922	0.50897	0.45618	0.54627	0.55644	0.64758	0.68555	0.41255	0.43023	0.2058	0.23422	0.40484	0.48018	0.33865	0.34092	0.3886	0.50656	0.39497	0.43701	
 SFG_pole_L 	0.49852	0.32525	0.74619	0.74492	1	0.85659	0.61966	0.5579	0.77973	0.67853	0.70108	0.60571	0.7664	0.71311	0.77419	0.7425	0.64381	0.75297	0.7499	0.62975	0.7498	0.73401	0.57199	0.59711	0.62141	0.65762	0.55918	0.52411	0.60816	0.53609	0.71794	0.64324	0.6934	0.66661	0.50885	0.53465	0.50035	0.42906	0.53367	0.47922	0.45174	0.41465	0.52661	0.47212	0.52997	0.51213	0.58462	0.42858	0.69436	0.62267	0.42481	0.50981	0.5314	0.61264	0.51916	0.49847	0.7502	0.69088	0.19032	0.28106	0.62047	0.5168	0.60353	0.59406	0.78263	0.74341	0.54714	0.52324	0.30055	0.29184	0.30607	0.4538	0.36288	0.34363	0.55961	0.55883	0.49834	0.52668	
 SFG_pole_R 	0.50865	0.37203	0.83202	0.81879	0.85659	1	0.63086	0.63691	0.66852	0.63333	0.5273	0.6092	0.66665	0.68317	0.62071	0.67524	0.48988	0.60773	0.65205	0.57912	0.66243	0.70894	0.57014	0.55492	0.66052	0.6364	0.53839	0.61563	0.60022	0.5854	0.55849	0.61448	0.65723	0.64676	0.56451	0.57556	0.44625	0.43858	0.63619	0.60854	0.48394	0.40267	0.46255	0.49931	0.44621	0.46463	0.49568	0.34374	0.61138	0.60319	0.58153	0.65709	0.44388	0.49802	0.47164	0.43874	0.68086	0.63093	0.23354	0.31501	0.47969	0.41525	0.61444	0.60295	0.80949	0.7683	0.45698	0.45611	0.30929	0.31767	0.34455	0.43701	0.31884	0.33316	0.45053	0.513	0.50804	0.51182	
 MFG_L 	0.5246	0.43184	0.81592	0.81414	0.61966	0.63086	1	0.90534	0.71793	0.68007	0.61658	0.51691	0.46566	0.43391	0.63904	0.49238	0.41076	0.47969	0.38626	0.35164	0.35913	0.40814	0.2058	0.22355	0.32378	0.36863	0.46462	0.41093	0.29048	0.25005	0.71098	0.71014	0.48286	0.51178	0.1145	0.13221	0.11208	0.068723	0.35191	0.25513	0.14415	0.14216	0.315	0.24016	0.2047	0.26291	0.078444	-0.042653	0.46983	0.33784	0.22171	0.45211	0.062641	0.1749	0.097764	0.12083	0.45558	0.43424	0.223	0.31538	0.19999	0.17219	0.35415	0.36834	0.41471	0.48174	0.12867	0.15625	0.022601	0.082593	0.33384	0.38246	0.050467	0.090041	0.18672	0.3076	0.26262	0.293	
 MFG_R 	0.49853	0.45664	0.74666	0.82867	0.5579	0.63691	0.90534	1	0.73946	0.75455	0.60176	0.60525	0.45379	0.49623	0.58998	0.54164	0.42167	0.49333	0.34213	0.3304	0.36088	0.44126	0.27597	0.26086	0.41434	0.44677	0.50394	0.46693	0.36835	0.33292	0.64827	0.78866	0.55325	0.61439	0.217	0.23945	0.15918	0.14212	0.34891	0.30504	0.16619	0.15814	0.30207	0.27635	0.24838	0.32414	0.16216	0.029644	0.46778	0.39494	0.22927	0.49379	0.1185	0.21734	0.14969	0.18771	0.5225	0.53689	0.21792	0.3553	0.21648	0.23796	0.44912	0.485	0.4398	0.56257	0.20707	0.2762	0.053663	0.12416	0.44595	0.44035	0.13715	0.16005	0.21591	0.38616	0.35516	0.39433	
 MFG_DPFC_L 	0.61882	0.52781	0.59767	0.75305	0.77973	0.66852	0.71793	0.73946	1	0.93776	0.8121	0.75956	0.73768	0.76585	0.83351	0.79639	0.78368	0.80289	0.55543	0.52882	0.65816	0.62934	0.48836	0.46841	0.60144	0.63384	0.69705	0.53653	0.67288	0.52167	0.77506	0.84214	0.8264	0.8291	0.47742	0.54312	0.48006	0.45094	0.43414	0.43622	0.35186	0.34564	0.55185	0.51279	0.5986	0.60928	0.49966	0.26327	0.79231	0.67171	0.45861	0.63421	0.439	0.58743	0.42777	0.46283	0.78988	0.78605	0.15605	0.28651	0.56915	0.44874	0.74923	0.73458	0.64242	0.77228	0.58346	0.64235	0.31817	0.37313	0.45847	0.48433	0.37554	0.41229	0.57864	0.64159	0.66944	0.68058	
 MFG_DPFC_R 	0.54829	0.47612	0.52183	0.69107	0.67853	0.63333	0.68007	0.75455	0.93776	1	0.70519	0.68665	0.62152	0.69483	0.73413	0.69624	0.69648	0.76232	0.4758	0.50529	0.53162	0.55164	0.46798	0.44229	0.55704	0.56946	0.73361	0.59508	0.65058	0.52181	0.6915	0.8774	0.76832	0.79614	0.3842	0.45205	0.3788	0.38992	0.33035	0.33222	0.29363	0.27633	0.48403	0.47927	0.53119	0.54027	0.44832	0.22283	0.72662	0.64609	0.42566	0.59614	0.38703	0.54083	0.37771	0.44408	0.66062	0.69461	0.085564	0.21965	0.4374	0.38067	0.68577	0.67953	0.52907	0.70542	0.44776	0.57496	0.31404	0.40736	0.44938	0.44454	0.29942	0.3079	0.43861	0.61392	0.64774	0.65284	
 IFG_opercularis_L 	0.33621	0.31929	0.50187	0.58261	0.70108	0.5273	0.61658	0.60176	0.8121	0.70519	1	0.79658	0.81935	0.6921	0.92739	0.82742	0.72233	0.69063	0.51968	0.43566	0.65166	0.60586	0.31656	0.33506	0.43182	0.49586	0.50036	0.32839	0.52868	0.44794	0.77891	0.74502	0.59952	0.63319	0.41977	0.4658	0.48275	0.37673	0.34875	0.30936	0.27816	0.28274	0.4679	0.34466	0.43174	0.44681	0.30544	0.13618	0.61177	0.4294	0.1985	0.36372	0.30443	0.41998	0.24128	0.26402	0.78658	0.77921	0.12428	0.37015	0.5551	0.41344	0.60297	0.59939	0.47849	0.59949	0.68519	0.58985	0.1168	0.10867	0.40504	0.48297	0.35055	0.3586	0.57396	0.57176	0.45786	0.5357	
 IFG_opercularis_R 	0.49014	0.539	0.53416	0.66527	0.60571	0.6092	0.51691	0.60525	0.75956	0.68665	0.79658	1	0.76113	0.80678	0.77736	0.90225	0.67989	0.65213	0.43283	0.40613	0.68156	0.63011	0.50342	0.43517	0.66886	0.65789	0.48182	0.43675	0.63412	0.6002	0.53394	0.64775	0.62779	0.65625	0.63899	0.68962	0.59076	0.57995	0.50584	0.54898	0.35652	0.37409	0.4608	0.44837	0.44792	0.49146	0.44027	0.26008	0.56519	0.49803	0.40946	0.50304	0.41653	0.45648	0.37121	0.35607	0.83586	0.84614	0.20509	0.48609	0.58201	0.46579	0.7265	0.71884	0.56588	0.66651	0.76663	0.74564	0.13733	0.15438	0.45498	0.44956	0.45797	0.51455	0.61467	0.64637	0.56152	0.64748	
 IFG_orbitalis_L 	0.46231	0.40494	0.56851	0.6433	0.7664	0.66665	0.46566	0.45379	0.73768	0.62152	0.81935	0.76113	1	0.8792	0.84505	0.85914	0.8462	0.8111	0.70893	0.56212	0.79645	0.75525	0.56048	0.57357	0.62037	0.69056	0.44687	0.38705	0.60685	0.51341	0.64376	0.62517	0.66489	0.67307	0.66693	0.69727	0.76744	0.65372	0.65443	0.57625	0.62719	0.56742	0.64096	0.56904	0.6115	0.59807	0.49165	0.34032	0.72278	0.5805	0.48987	0.56774	0.50841	0.60225	0.48844	0.47655	0.80494	0.78737	0.18712	0.44011	0.70292	0.57501	0.66205	0.65169	0.68119	0.71444	0.79881	0.71979	0.3929	0.38781	0.38789	0.49093	0.5841	0.56697	0.74107	0.66067	0.59271	0.65523	
 IFG_orbitalis_R 	0.61776	0.57659	0.5077	0.68501	0.71311	0.68317	0.43391	0.49623	0.76585	0.69483	0.6921	0.80678	0.8792	1	0.73053	0.86222	0.83799	0.8269	0.67697	0.61729	0.77589	0.77264	0.67482	0.60104	0.76501	0.7828	0.51888	0.49501	0.72275	0.58991	0.52459	0.61672	0.74252	0.74149	0.73809	0.80018	0.7657	0.75863	0.64884	0.70332	0.5601	0.56142	0.62815	0.65986	0.62315	0.63977	0.55877	0.38053	0.69068	0.66368	0.64607	0.71814	0.53965	0.6192	0.5347	0.52251	0.80342	0.79956	0.26643	0.49232	0.70029	0.60448	0.80698	0.7951	0.73557	0.78964	0.78551	0.85989	0.42861	0.46835	0.37516	0.4133	0.59873	0.60392	0.68921	0.73358	0.69838	0.74544	
 IFG_triangularis_L 	0.40676	0.345	0.57482	0.64166	0.77419	0.62071	0.63904	0.58998	0.83351	0.73413	0.92739	0.77736	0.84505	0.73053	1	0.84858	0.72944	0.72551	0.60645	0.48974	0.68244	0.62618	0.37034	0.36215	0.46999	0.51067	0.49447	0.33413	0.52423	0.42581	0.79606	0.73849	0.64944	0.64454	0.4194	0.44635	0.51913	0.40373	0.44495	0.36045	0.34289	0.30326	0.50326	0.38711	0.47771	0.47578	0.36954	0.18978	0.68235	0.48035	0.29823	0.43343	0.36745	0.48266	0.30946	0.31885	0.77521	0.74438	0.15804	0.31349	0.55269	0.44039	0.59566	0.59203	0.55718	0.62614	0.64949	0.55175	0.1522	0.16058	0.30257	0.37827	0.34645	0.34332	0.55534	0.56486	0.45995	0.50846	
 IFG_triangularis_R 	0.49778	0.50735	0.52021	0.69363	0.7425	0.67524	0.49238	0.54164	0.79639	0.69624	0.82742	0.90225	0.85914	0.86222	0.84858	1	0.75832	0.78501	0.61179	0.57235	0.79041	0.7526	0.53332	0.49864	0.64877	0.69025	0.46959	0.42074	0.64535	0.59144	0.63183	0.67865	0.69972	0.69313	0.65451	0.73284	0.65401	0.60908	0.5929	0.62879	0.46659	0.48061	0.58032	0.56138	0.57739	0.60137	0.55677	0.36368	0.6727	0.60423	0.4909	0.56408	0.48661	0.55682	0.44104	0.43654	0.86622	0.84691	0.22525	0.45047	0.71335	0.54905	0.68926	0.66022	0.63861	0.70705	0.80728	0.76259	0.25065	0.22297	0.40705	0.48403	0.48675	0.50126	0.64384	0.67988	0.53644	0.5974	
 LFOG_L 	0.48512	0.44026	0.37919	0.54729	0.64381	0.48988	0.41076	0.42167	0.78368	0.69648	0.72233	0.67989	0.8462	0.83799	0.72944	0.75832	1	0.84063	0.6554	0.55667	0.7225	0.7033	0.48606	0.45207	0.54446	0.59489	0.41307	0.30004	0.61298	0.43751	0.5594	0.58746	0.67757	0.67853	0.63845	0.69724	0.7688	0.73035	0.58177	0.59528	0.59054	0.6192	0.73654	0.70834	0.70264	0.67943	0.47902	0.31688	0.73618	0.58096	0.57571	0.66085	0.5399	0.64764	0.52972	0.52864	0.7157	0.72792	0.14443	0.40441	0.66109	0.56471	0.66905	0.64087	0.63379	0.71048	0.73545	0.771	0.56644	0.58877	0.38779	0.45918	0.56362	0.60146	0.65895	0.65247	0.65732	0.69754	
 LFOG_R 	0.49915	0.44586	0.45147	0.64486	0.75297	0.60773	0.47969	0.49333	0.80289	0.76232	0.69063	0.65213	0.8111	0.8269	0.72551	0.78501	0.84063	1	0.75844	0.74886	0.78723	0.79414	0.50538	0.54918	0.53972	0.62621	0.56847	0.52796	0.58867	0.52172	0.62818	0.70399	0.69727	0.70705	0.49172	0.61741	0.66913	0.60727	0.47479	0.49733	0.57697	0.59999	0.6927	0.67686	0.6958	0.69978	0.57921	0.39773	0.78938	0.73006	0.50859	0.62658	0.53154	0.64953	0.5273	0.57209	0.69785	0.7345	0.20363	0.38156	0.73874	0.68348	0.59086	0.57619	0.62778	0.69212	0.62678	0.73383	0.46059	0.49061	0.44134	0.50644	0.55046	0.47806	0.59717	0.5996	0.59448	0.65135	
 MFOG_L 	0.37423	0.31232	0.54968	0.61434	0.7499	0.65205	0.38626	0.34213	0.55543	0.4758	0.51968	0.43283	0.70893	0.67697	0.60645	0.61179	0.6554	0.75844	1	0.77786	0.79222	0.8391	0.43917	0.40227	0.48439	0.48572	0.41348	0.38933	0.48749	0.36183	0.51089	0.46693	0.51318	0.53778	0.41663	0.47723	0.61175	0.54578	0.50718	0.51129	0.58123	0.59156	0.69007	0.62378	0.58475	0.56493	0.44969	0.33406	0.66169	0.60871	0.48262	0.58037	0.45343	0.52546	0.47463	0.46228	0.64452	0.61817	0.19993	0.32575	0.66226	0.69472	0.4402	0.422	0.66563	0.62259	0.53343	0.53312	0.3486	0.37502	0.15972	0.35959	0.4668	0.37093	0.47568	0.46343	0.36084	0.39841	
 MFOG_R 	0.33205	0.36035	0.37854	0.56038	0.62975	0.57912	0.35164	0.3304	0.52882	0.50529	0.43566	0.40613	0.56212	0.61729	0.48974	0.57235	0.55667	0.74886	0.77786	1	0.77014	0.83174	0.41242	0.44503	0.44156	0.49728	0.40876	0.49988	0.46002	0.41667	0.43664	0.49257	0.56759	0.56944	0.3414	0.45909	0.52711	0.49317	0.37009	0.44771	0.55283	0.62036	0.6743	0.69564	0.6057	0.62692	0.53145	0.36981	0.62114	0.66116	0.4555	0.55137	0.45363	0.52378	0.47271	0.48628	0.56454	0.56117	0.23073	0.4187	0.65033	0.68796	0.43547	0.41028	0.55813	0.58905	0.49127	0.57071	0.31778	0.29286	0.15239	0.28054	0.35917	0.25551	0.36256	0.49227	0.31995	0.33631	
 RG_L 	0.36436	0.4004	0.48254	0.62054	0.7498	0.66243	0.35913	0.36088	0.65816	0.53162	0.65166	0.68156	0.79645	0.77589	0.68244	0.79041	0.7225	0.78723	0.79222	0.77014	1	0.91738	0.54448	0.53887	0.59743	0.6313	0.44092	0.43537	0.60799	0.53551	0.52255	0.5345	0.64264	0.65174	0.57324	0.67667	0.70673	0.62466	0.47241	0.54078	0.66342	0.67739	0.70254	0.66354	0.67781	0.69911	0.59302	0.40685	0.72776	0.70185	0.43902	0.56453	0.54508	0.60818	0.52226	0.52114	0.84314	0.81975	0.31483	0.57251	0.83552	0.72882	0.63755	0.61653	0.71114	0.74465	0.8019	0.76878	0.30859	0.2796	0.31567	0.41399	0.52973	0.52484	0.73492	0.62377	0.49964	0.55796	
 RG_R 	0.38982	0.41246	0.52162	0.67813	0.73401	0.70894	0.40814	0.44126	0.62934	0.55164	0.60586	0.63011	0.75525	0.77264	0.62618	0.7526	0.7033	0.79414	0.8391	0.83174	0.91738	1	0.48336	0.45386	0.57101	0.59475	0.40883	0.43796	0.54213	0.47989	0.47707	0.54118	0.60968	0.64665	0.56851	0.66738	0.70479	0.6428	0.51874	0.60898	0.63892	0.70783	0.73597	0.72613	0.67812	0.70478	0.54643	0.39239	0.69844	0.68292	0.49386	0.63874	0.52823	0.57852	0.52679	0.51739	0.79785	0.8029	0.25334	0.57079	0.73568	0.73084	0.60135	0.58811	0.7191	0.76585	0.73191	0.73618	0.3708	0.35464	0.36591	0.47882	0.49721	0.46751	0.59888	0.57112	0.47093	0.53731	
 PoCG_L 	0.54374	0.45646	0.40403	0.48184	0.57199	0.57014	0.2058	0.27597	0.48836	0.46798	0.31656	0.50342	0.56048	0.67482	0.37034	0.53332	0.48606	0.50538	0.43917	0.41242	0.54448	0.48336	1	0.88816	0.87118	0.83752	0.48235	0.53349	0.71563	0.56343	0.23595	0.37013	0.67602	0.63002	0.72461	0.71288	0.5853	0.62916	0.50002	0.55306	0.51143	0.47979	0.3922	0.43234	0.4336	0.44356	0.73496	0.68899	0.42647	0.53093	0.4161	0.44873	0.70035	0.69822	0.72022	0.68134	0.50166	0.46354	0.083974	0.24396	0.52848	0.52434	0.63759	0.62452	0.6326	0.64075	0.55385	0.63981	0.32759	0.37145	0.171	0.16992	0.29609	0.31697	0.49507	0.55731	0.62025	0.64863	
 PoCG_R 	0.47543	0.43368	0.39597	0.45518	0.59711	0.55492	0.22355	0.26086	0.46841	0.44229	0.33506	0.43517	0.57357	0.60104	0.36215	0.49864	0.45207	0.54918	0.40227	0.44503	0.53887	0.45386	0.88816	1	0.73765	0.8704	0.42992	0.59106	0.61393	0.63918	0.30347	0.39292	0.67857	0.65592	0.64341	0.65642	0.51428	0.51713	0.46258	0.45744	0.58862	0.48803	0.38761	0.41098	0.43526	0.42374	0.77556	0.7551	0.42387	0.55492	0.35365	0.38356	0.71801	0.73314	0.71901	0.69931	0.42157	0.38067	0.022194	0.22283	0.57094	0.4842	0.53976	0.54223	0.60405	0.60477	0.4906	0.57475	0.37122	0.32803	0.31716	0.27103	0.34894	0.35568	0.53491	0.59814	0.56336	0.59072	
 PrCG_L 	0.7136	0.65581	0.49997	0.62126	0.62141	0.66052	0.32378	0.41434	0.60144	0.55704	0.43182	0.66886	0.62037	0.76501	0.46999	0.64877	0.54446	0.53972	0.48439	0.44156	0.59743	0.57101	0.87118	0.73765	1	0.88878	0.54315	0.56566	0.74234	0.58928	0.27197	0.44727	0.67637	0.66297	0.77165	0.7454	0.58303	0.62952	0.53608	0.59956	0.39622	0.39739	0.38894	0.44146	0.47256	0.49128	0.64368	0.49289	0.5291	0.59794	0.53444	0.54673	0.58969	0.5766	0.61834	0.56626	0.66662	0.64425	0.25761	0.34564	0.52454	0.49449	0.76852	0.75713	0.66096	0.72235	0.67644	0.73795	0.25929	0.32038	0.27761	0.27734	0.44812	0.47727	0.54218	0.6099	0.66254	0.6936	
 PrCG_R 	0.70922	0.70118	0.51001	0.6378	0.65762	0.6364	0.36863	0.44677	0.63384	0.56946	0.49586	0.65789	0.69056	0.7828	0.51067	0.69025	0.59489	0.62621	0.48572	0.49728	0.6313	0.59475	0.83752	0.8704	0.88878	1	0.44958	0.57257	0.65265	0.6297	0.35511	0.49933	0.75387	0.75273	0.76841	0.77555	0.60198	0.61317	0.57856	0.60858	0.54041	0.49068	0.46257	0.49413	0.52063	0.54004	0.73062	0.6177	0.55468	0.64518	0.49712	0.55926	0.66449	0.67127	0.67384	0.63631	0.63868	0.61237	0.22278	0.39304	0.61287	0.53367	0.72259	0.73658	0.66587	0.73239	0.6584	0.75026	0.35348	0.32937	0.42869	0.38538	0.48952	0.53728	0.61229	0.69562	0.64893	0.67557	
 SPG_L 	0.3786	0.29802	0.42704	0.47778	0.55918	0.53839	0.46462	0.50394	0.69705	0.73361	0.50036	0.48182	0.44687	0.51888	0.49447	0.46959	0.41307	0.56847	0.41348	0.40876	0.44092	0.40883	0.48235	0.42992	0.54315	0.44958	1	0.82556	0.73086	0.62411	0.58784	0.7148	0.64048	0.67017	0.23459	0.28072	0.26555	0.26688	0.10377	0.13418	0.14693	0.083029	0.25033	0.28522	0.38002	0.36717	0.41708	0.1591	0.59056	0.6203	0.32593	0.39593	0.25408	0.40206	0.25055	0.31399	0.5132	0.51466	0.014913	0.084271	0.43455	0.36142	0.61335	0.59651	0.45951	0.56964	0.36246	0.44144	0.18106	0.2948	0.34565	0.2985	0.26027	0.16496	0.45555	0.48381	0.62094	0.60019	
 SPG_R 	0.38235	0.37895	0.49774	0.53205	0.52411	0.61563	0.41093	0.46693	0.53653	0.59508	0.32839	0.43675	0.38705	0.49501	0.33413	0.42074	0.30004	0.52796	0.38933	0.49988	0.43537	0.43796	0.53349	0.59106	0.56566	0.57257	0.82556	1	0.65521	0.77306	0.38523	0.55241	0.58316	0.62894	0.27794	0.34801	0.26079	0.28633	0.18976	0.26139	0.28789	0.2056	0.26088	0.38524	0.32994	0.3396	0.5073	0.36469	0.43258	0.61716	0.41417	0.45873	0.34207	0.43109	0.36373	0.42017	0.40254	0.39764	0.044395	0.2375	0.43251	0.36655	0.53666	0.53616	0.46158	0.51747	0.28073	0.39713	0.23341	0.26899	0.37369	0.2986	0.22709	0.14752	0.3449	0.4793	0.48961	0.48521	
 SMG_L 	0.41429	0.39245	0.37611	0.49144	0.60816	0.60022	0.29048	0.36835	0.67288	0.65058	0.52868	0.63412	0.60685	0.72275	0.52423	0.64535	0.61298	0.58867	0.48749	0.46002	0.60799	0.54213	0.71563	0.61393	0.74234	0.65265	0.73086	0.65521	1	0.82006	0.50383	0.59636	0.7033	0.70475	0.61932	0.64999	0.56736	0.59205	0.39526	0.46912	0.45473	0.40003	0.52061	0.56865	0.50979	0.48293	0.57023	0.32823	0.56177	0.62238	0.51035	0.53932	0.41966	0.54112	0.41076	0.41305	0.65687	0.63056	0.059997	0.20287	0.5562	0.41619	0.73503	0.72055	0.62748	0.67641	0.65879	0.72501	0.34855	0.40645	0.24716	0.31119	0.421	0.44919	0.53286	0.6309	0.65145	0.6771	
 SMG_R 	0.29325	0.38901	0.37524	0.46161	0.53609	0.5854	0.25005	0.33292	0.52167	0.52181	0.44794	0.6002	0.51341	0.58991	0.42581	0.59144	0.43751	0.52172	0.36183	0.41667	0.53551	0.47989	0.56343	0.63918	0.58928	0.6297	0.62411	0.77306	0.82006	1	0.40934	0.50845	0.56095	0.60828	0.52179	0.59735	0.45552	0.47597	0.3315	0.4039	0.42548	0.32775	0.39279	0.48747	0.39915	0.39349	0.54092	0.38361	0.40646	0.57205	0.44678	0.43542	0.37967	0.46832	0.34424	0.3752	0.5374	0.50713	-0.019975	0.27935	0.57157	0.35942	0.59458	0.60017	0.52895	0.53493	0.53078	0.58532	0.29577	0.25487	0.45511	0.44538	0.37865	0.41061	0.4838	0.59892	0.48009	0.52784	
 AG_L 	0.27546	0.18224	0.53994	0.61357	0.71794	0.55849	0.71098	0.64827	0.77506	0.6915	0.77891	0.53394	0.64376	0.52459	0.79606	0.63183	0.5594	0.62818	0.51089	0.43664	0.52255	0.47707	0.23595	0.30347	0.27197	0.35511	0.58784	0.38523	0.50383	0.40934	1	0.8385	0.63244	0.62431	0.20261	0.22845	0.30615	0.19037	0.32907	0.19662	0.23341	0.15516	0.36025	0.28592	0.33852	0.3479	0.2806	0.041007	0.60405	0.42591	0.18096	0.3331	0.15204	0.31638	0.10889	0.11972	0.58897	0.5571	0.1623	0.14865	0.42695	0.32393	0.40891	0.41483	0.53672	0.56338	0.39025	0.33675	0.12949	0.14038	0.2456	0.34884	0.26513	0.18818	0.39552	0.49676	0.34551	0.36984	
 AG_R 	0.37344	0.35036	0.51162	0.66989	0.64324	0.61448	0.71014	0.78866	0.84214	0.8774	0.74502	0.64775	0.62517	0.61672	0.73849	0.67865	0.58746	0.70399	0.46693	0.49257	0.5345	0.54118	0.37013	0.39292	0.44727	0.49933	0.7148	0.55241	0.59636	0.50845	0.8385	1	0.73778	0.78865	0.29164	0.36537	0.34393	0.29523	0.29522	0.25838	0.29285	0.2214	0.40104	0.38234	0.42482	0.47616	0.34225	0.091616	0.68161	0.58575	0.29177	0.48777	0.24184	0.40328	0.20778	0.26519	0.62208	0.64484	0.15537	0.22562	0.4391	0.41836	0.54451	0.55032	0.50746	0.67965	0.4175	0.49564	0.16419	0.22717	0.43957	0.42871	0.31336	0.24149	0.42072	0.58702	0.53204	0.55847	
 PrCu_L 	0.55812	0.46562	0.45786	0.61664	0.6934	0.65723	0.48286	0.55325	0.8264	0.76832	0.59952	0.62779	0.66489	0.74252	0.64944	0.69972	0.67757	0.69727	0.51318	0.56759	0.64264	0.60968	0.67602	0.67857	0.67637	0.75387	0.64048	0.58316	0.7033	0.56095	0.63244	0.73778	1	0.95852	0.61411	0.65122	0.53193	0.53824	0.51463	0.55175	0.4917	0.41824	0.51532	0.56531	0.55844	0.57986	0.69548	0.49648	0.6932	0.66918	0.52851	0.67115	0.62121	0.71235	0.58837	0.56392	0.6849	0.65518	0.1428	0.21243	0.58319	0.51522	0.75123	0.74058	0.76213	0.85338	0.59354	0.68319	0.38971	0.3929	0.37611	0.3265	0.38249	0.37992	0.59189	0.69697	0.74116	0.70245	
 PrCu_R 	0.5232	0.51014	0.48664	0.64757	0.66661	0.64676	0.51178	0.61439	0.8291	0.79614	0.63319	0.65625	0.67307	0.74149	0.64454	0.69313	0.67853	0.70705	0.53778	0.56944	0.65174	0.64665	0.63002	0.65592	0.66297	0.75273	0.67017	0.62894	0.70475	0.60828	0.62431	0.78865	0.95852	1	0.57617	0.64044	0.53897	0.5388	0.45885	0.51339	0.51912	0.43219	0.54037	0.58784	0.58439	0.60893	0.63924	0.46068	0.71715	0.72254	0.5179	0.68591	0.61057	0.71786	0.5685	0.57638	0.70792	0.69337	0.076298	0.26325	0.60456	0.54532	0.75513	0.75727	0.74504	0.88228	0.59015	0.69443	0.37472	0.38553	0.49912	0.42879	0.42326	0.42425	0.62898	0.72432	0.72834	0.73032	
 STG_L 	0.49395	0.44808	0.32701	0.429	0.50885	0.56451	0.1145	0.217	0.47742	0.3842	0.41977	0.63899	0.66693	0.73809	0.4194	0.65451	0.63845	0.49172	0.41663	0.3414	0.57324	0.56851	0.72461	0.64341	0.77165	0.76841	0.23459	0.27794	0.61932	0.52179	0.20261	0.29164	0.61411	0.57617	1	0.927	0.78726	0.8395	0.77124	0.81967	0.56623	0.59278	0.48584	0.57541	0.50907	0.50886	0.59778	0.51551	0.47859	0.46116	0.61808	0.58532	0.64507	0.59782	0.65167	0.55173	0.61898	0.59388	0.13105	0.33489	0.53229	0.48279	0.69407	0.66112	0.7135	0.70375	0.75492	0.76922	0.51879	0.49366	0.35201	0.35284	0.49088	0.60626	0.58116	0.57328	0.62488	0.68351	
 STG_R 	0.51245	0.51108	0.31467	0.48819	0.53465	0.57556	0.13221	0.23945	0.54312	0.45205	0.4658	0.68962	0.69727	0.80018	0.44635	0.73284	0.69724	0.61741	0.47723	0.45909	0.67667	0.66738	0.71288	0.65642	0.7454	0.77555	0.28072	0.34801	0.64999	0.59735	0.22845	0.36537	0.65122	0.64044	0.927	1	0.81175	0.86718	0.67093	0.81413	0.61189	0.64723	0.56327	0.6539	0.62861	0.65961	0.64436	0.54688	0.56217	0.60573	0.66457	0.66093	0.67495	0.67149	0.66288	0.6258	0.69934	0.67623	0.16363	0.402	0.67897	0.57286	0.75202	0.70762	0.71867	0.75315	0.77554	0.8474	0.52009	0.48472	0.43443	0.44572	0.54684	0.64819	0.65665	0.64567	0.66603	0.71677	
 STG_L_pole 	0.36937	0.38031	0.28946	0.42546	0.50035	0.44625	0.11208	0.15918	0.48006	0.3788	0.48275	0.59076	0.76744	0.7657	0.51913	0.65401	0.7688	0.66913	0.61175	0.52711	0.70673	0.70479	0.5853	0.51428	0.58303	0.60198	0.26555	0.26079	0.56736	0.45552	0.30615	0.34393	0.53193	0.53897	0.78726	0.81175	1	0.92921	0.66733	0.71725	0.72948	0.7604	0.70078	0.73687	0.7267	0.71928	0.55904	0.46742	0.64038	0.60209	0.59766	0.57148	0.63124	0.65125	0.62861	0.59993	0.62959	0.62181	0.1342	0.44362	0.7047	0.73637	0.57577	0.54272	0.64474	0.64447	0.76225	0.77055	0.59835	0.58558	0.32236	0.31933	0.58665	0.60225	0.65456	0.54771	0.54147	0.65179	
 STG_R_pole 	0.41351	0.41358	0.23425	0.38695	0.42906	0.43858	0.068723	0.14212	0.45094	0.38992	0.37673	0.57995	0.65372	0.75863	0.40373	0.60908	0.73035	0.60727	0.54578	0.49317	0.62466	0.6428	0.62916	0.51713	0.62952	0.61317	0.26688	0.28633	0.59205	0.47597	0.19037	0.29523	0.53824	0.5388	0.8395	0.86718	0.92921	1	0.67297	0.79272	0.65072	0.73054	0.63142	0.74142	0.66774	0.6618	0.55181	0.46197	0.5712	0.57718	0.67969	0.63025	0.64859	0.65236	0.65171	0.61583	0.56818	0.56813	0.064401	0.4049	0.62832	0.6591	0.63732	0.58386	0.66011	0.67078	0.70967	0.79057	0.65409	0.6516	0.31618	0.31307	0.54367	0.60788	0.5898	0.59086	0.62099	0.69818	
 MTG_L 	0.4994	0.40303	0.54256	0.59185	0.53367	0.63619	0.35191	0.34891	0.43414	0.33035	0.34875	0.50584	0.65443	0.64884	0.44495	0.5929	0.58177	0.47479	0.50718	0.37009	0.47241	0.51874	0.50002	0.46258	0.53608	0.57856	0.10377	0.18976	0.39526	0.3315	0.32907	0.29522	0.51463	0.45885	0.77124	0.67093	0.66733	0.67297	1	0.89472	0.61464	0.58522	0.51192	0.60712	0.38561	0.38702	0.38513	0.36001	0.43346	0.32726	0.70012	0.6445	0.44927	0.43995	0.48657	0.37939	0.4425	0.40238	0.14483	0.27999	0.42752	0.37276	0.38289	0.34529	0.69904	0.57603	0.49029	0.44032	0.55022	0.51423	0.24444	0.34003	0.4051	0.48363	0.37912	0.45499	0.39032	0.42939	
 MTG_R 	0.53627	0.48842	0.44452	0.58498	0.47922	0.60854	0.25513	0.30504	0.43622	0.33222	0.30936	0.54898	0.57625	0.70332	0.36045	0.62879	0.59528	0.49733	0.51129	0.44771	0.54078	0.60898	0.55306	0.45744	0.59956	0.60858	0.13418	0.26139	0.46912	0.4039	0.19662	0.25838	0.55175	0.51339	0.81967	0.81413	0.71725	0.79272	0.89472	1	0.5826	0.64328	0.54662	0.71445	0.48402	0.52267	0.46734	0.44372	0.4354	0.44827	0.79117	0.75756	0.53541	0.5074	0.56668	0.48921	0.51541	0.46568	0.16416	0.37925	0.52012	0.48059	0.51374	0.4472	0.70932	0.6406	0.54657	0.57662	0.55254	0.5165	0.2979	0.34251	0.40448	0.49387	0.40204	0.49517	0.46966	0.51565	
 MTG_L_pole 	0.24117	0.30327	0.37664	0.41687	0.45174	0.48394	0.14415	0.16619	0.35186	0.29363	0.27816	0.35652	0.62719	0.5601	0.34289	0.46659	0.59054	0.57697	0.58123	0.55283	0.66342	0.63892	0.51143	0.58862	0.39622	0.54041	0.14693	0.28789	0.45473	0.42548	0.23341	0.29285	0.4917	0.51912	0.56623	0.61189	0.72948	0.65072	0.61464	0.5826	1	0.87706	0.78333	0.76716	0.66467	0.65529	0.53715	0.49547	0.57088	0.59124	0.50857	0.55217	0.58734	0.64774	0.59986	0.60117	0.43554	0.42115	0.033993	0.33457	0.61543	0.6049	0.34429	0.35319	0.61267	0.57959	0.50838	0.5385	0.62038	0.54764	0.31663	0.35113	0.46632	0.51894	0.55438	0.42817	0.41227	0.46842	
 MTG_R_pole 	0.25767	0.31923	0.30603	0.40065	0.41465	0.40267	0.14216	0.15814	0.34564	0.27633	0.28274	0.37409	0.56742	0.56142	0.30326	0.48061	0.6192	0.59999	0.59156	0.62036	0.67739	0.70783	0.47979	0.48803	0.39739	0.49068	0.083029	0.2056	0.40003	0.32775	0.15516	0.2214	0.41824	0.43219	0.59278	0.64723	0.7604	0.73054	0.58522	0.64328	0.87706	1	0.83531	0.82955	0.66622	0.68666	0.50008	0.47714	0.52409	0.54618	0.48672	0.54863	0.57101	0.60116	0.59907	0.59215	0.45866	0.45743	0.10248	0.44701	0.59067	0.64481	0.35227	0.34047	0.53177	0.53002	0.53227	0.59806	0.59803	0.54427	0.29026	0.36992	0.44696	0.52374	0.4845	0.38344	0.3713	0.47865	
 ITG_L 	0.34055	0.37707	0.38018	0.48724	0.52661	0.46255	0.315	0.30207	0.55185	0.48403	0.4679	0.4608	0.64096	0.62815	0.50326	0.58032	0.73654	0.6927	0.69007	0.6743	0.70254	0.73597	0.3922	0.38761	0.38894	0.46257	0.25033	0.26088	0.52061	0.39279	0.36025	0.40104	0.51532	0.54037	0.48584	0.56327	0.70078	0.63142	0.51192	0.54662	0.78333	0.83531	1	0.89005	0.76956	0.73696	0.48104	0.34241	0.65165	0.63054	0.52388	0.628	0.4844	0.56918	0.52166	0.51695	0.58215	0.58246	0.046131	0.36633	0.61688	0.62111	0.44775	0.43317	0.54139	0.5531	0.53566	0.61297	0.5934	0.57056	0.26574	0.37652	0.45867	0.47723	0.51799	0.40483	0.39972	0.46074	
 ITG_R 	0.35864	0.4007	0.32135	0.49426	0.47212	0.49931	0.24016	0.27635	0.51279	0.47927	0.34466	0.44837	0.56904	0.65986	0.38711	0.56138	0.70834	0.67686	0.62378	0.69564	0.66354	0.72613	0.43234	0.41098	0.44146	0.49413	0.28522	0.38524	0.56865	0.48747	0.28592	0.38234	0.56531	0.58784	0.57541	0.6539	0.73687	0.74142	0.60712	0.71445	0.76716	0.82955	0.89005	1	0.75994	0.75701	0.5142	0.3687	0.64585	0.69395	0.7326	0.76844	0.50028	0.56956	0.53635	0.5363	0.52846	0.52207	0.088084	0.40586	0.6003	0.60199	0.4835	0.45271	0.61059	0.62004	0.52861	0.6481	0.70713	0.69088	0.30989	0.36031	0.47286	0.49687	0.45313	0.45397	0.46142	0.51861	
 FuG_L 	0.46052	0.45593	0.29384	0.49544	0.52997	0.44621	0.2047	0.24838	0.5986	0.53119	0.43174	0.44792	0.6115	0.62315	0.47771	0.57739	0.70264	0.6958	0.58475	0.6057	0.67781	0.67812	0.4336	0.43526	0.47256	0.52063	0.38002	0.32994	0.50979	0.39915	0.33852	0.42482	0.55844	0.58439	0.50907	0.62861	0.7267	0.66774	0.38561	0.48402	0.66467	0.66622	0.76956	0.75994	1	0.95249	0.64801	0.43327	0.85381	0.86095	0.60416	0.61788	0.6174	0.68948	0.65375	0.69813	0.62606	0.61595	0.076798	0.25967	0.70362	0.65533	0.57686	0.55665	0.5447	0.63987	0.58735	0.65085	0.62986	0.59238	0.37351	0.33284	0.53306	0.49144	0.65616	0.47294	0.53558	0.5429	
 FuG_R 	0.49768	0.51338	0.32362	0.56058	0.51213	0.46463	0.26291	0.32414	0.60928	0.54027	0.44681	0.49146	0.59807	0.63977	0.47578	0.60137	0.67943	0.69978	0.56493	0.62692	0.69911	0.70478	0.44356	0.42374	0.49128	0.54004	0.36717	0.3396	0.48293	0.39349	0.3479	0.47616	0.57986	0.60893	0.50886	0.65961	0.71928	0.6618	0.38702	0.52267	0.65529	0.68666	0.73696	0.75701	0.95249	1	0.5941	0.39355	0.84502	0.86397	0.59242	0.66553	0.56677	0.63865	0.59572	0.65416	0.65566	0.64394	0.21204	0.36156	0.72069	0.71071	0.59094	0.575	0.5405	0.6577	0.57354	0.66623	0.56389	0.54244	0.41636	0.36002	0.52825	0.48044	0.62624	0.45327	0.53541	0.56022	
 SOG_L 	0.4024	0.37311	0.25058	0.40138	0.58462	0.49568	0.078444	0.16216	0.49966	0.44832	0.30544	0.44027	0.49165	0.55877	0.36954	0.55677	0.47902	0.57921	0.44969	0.53145	0.59302	0.54643	0.73496	0.77556	0.64368	0.73062	0.41708	0.5073	0.57023	0.54092	0.2806	0.34225	0.69548	0.63924	0.59778	0.64436	0.55904	0.55181	0.38513	0.46734	0.53715	0.50008	0.48104	0.5142	0.64801	0.5941	1	0.8634	0.52984	0.66753	0.3995	0.35072	0.85262	0.82359	0.85413	0.81116	0.51283	0.48355	-0.003025	0.14819	0.636	0.57691	0.52343	0.51872	0.60263	0.6103	0.55205	0.60585	0.44385	0.36517	0.2739	0.24833	0.33817	0.3259	0.53288	0.56968	0.53263	0.53287	
 SOG_R 	0.28859	0.2583	0.19747	0.26541	0.42858	0.34374	-0.042653	0.029644	0.26327	0.22283	0.13618	0.26008	0.34032	0.38053	0.18978	0.36368	0.31688	0.39773	0.33406	0.36981	0.40685	0.39239	0.68899	0.7551	0.49289	0.6177	0.1591	0.36469	0.32823	0.38361	0.041007	0.091616	0.49648	0.46068	0.51551	0.54688	0.46742	0.46197	0.36001	0.44372	0.49547	0.47714	0.34241	0.3687	0.43327	0.39355	0.8634	1	0.24517	0.43357	0.25686	0.21356	0.89696	0.82276	0.88751	0.86034	0.28795	0.24602	-0.15303	0.11659	0.52929	0.50715	0.31393	0.30231	0.45678	0.42547	0.35709	0.3931	0.37573	0.26575	0.24437	0.18865	0.15514	0.19642	0.36969	0.45154	0.32103	0.3739	
 MOG_L 	0.52896	0.46653	0.47932	0.6281	0.69436	0.61138	0.46983	0.46778	0.79231	0.72662	0.61177	0.56519	0.72278	0.69068	0.68235	0.6727	0.73618	0.78938	0.66169	0.62114	0.72776	0.69844	0.42647	0.42387	0.5291	0.55468	0.59056	0.43258	0.56177	0.40646	0.60405	0.68161	0.6932	0.71715	0.47859	0.56217	0.64038	0.5712	0.43346	0.4354	0.57088	0.52409	0.65165	0.64585	0.85381	0.84502	0.52984	0.24517	1	0.87077	0.60056	0.68438	0.49022	0.62	0.50655	0.54724	0.7241	0.71271	0.17821	0.21856	0.66129	0.61202	0.63587	0.6154	0.64281	0.75976	0.59617	0.63337	0.48699	0.52894	0.4205	0.39914	0.54368	0.48526	0.66188	0.51859	0.64324	0.63974	
 MOG_R 	0.53726	0.5402	0.44333	0.61275	0.62267	0.60319	0.33784	0.39494	0.67171	0.64609	0.4294	0.49803	0.5805	0.66368	0.48035	0.60423	0.58096	0.73006	0.60871	0.66116	0.70185	0.68292	0.53093	0.55492	0.59794	0.64518	0.6203	0.61716	0.62238	0.57205	0.42591	0.58575	0.66918	0.72254	0.46116	0.60573	0.60209	0.57718	0.32726	0.44827	0.59124	0.54618	0.63054	0.69395	0.86095	0.86397	0.66753	0.43357	0.87077	1	0.62673	0.6728	0.57821	0.67725	0.60022	0.68469	0.66037	0.63054	0.1648	0.30182	0.73173	0.66727	0.65902	0.64471	0.60994	0.72891	0.52057	0.64886	0.49216	0.49246	0.47965	0.42	0.53249	0.49656	0.64486	0.57972	0.60519	0.62257	
 IOG_L 	0.56631	0.48932	0.37046	0.50199	0.42481	0.58153	0.22171	0.22927	0.45861	0.42566	0.1985	0.40946	0.48987	0.64607	0.29823	0.4909	0.57571	0.50859	0.48262	0.4555	0.43902	0.49386	0.4161	0.35365	0.53444	0.49712	0.32593	0.41417	0.51035	0.44678	0.18096	0.29177	0.52851	0.5179	0.61808	0.66457	0.59766	0.67969	0.70012	0.79117	0.50857	0.48672	0.52388	0.7326	0.60416	0.59242	0.3995	0.25686	0.60056	0.62673	1	0.85898	0.424	0.47266	0.46656	0.44547	0.43608	0.39636	0.15135	0.16597	0.4516	0.35368	0.55726	0.48645	0.63208	0.60992	0.40824	0.50631	0.63386	0.64518	0.27227	0.25267	0.46701	0.4811	0.40645	0.4787	0.552	0.51543	
 IOG_R 	0.63053	0.54563	0.51407	0.66873	0.50981	0.65709	0.45211	0.49379	0.63421	0.59614	0.36372	0.50304	0.56774	0.71814	0.43343	0.56408	0.66085	0.62658	0.58037	0.55137	0.56453	0.63874	0.44873	0.38356	0.54673	0.55926	0.39593	0.45873	0.53932	0.43542	0.3331	0.48777	0.67115	0.68591	0.58532	0.66093	0.57148	0.63025	0.6445	0.75756	0.55217	0.54863	0.628	0.76844	0.61788	0.66553	0.35072	0.21356	0.68438	0.6728	0.85898	1	0.38113	0.46901	0.43283	0.43655	0.56873	0.54124	0.24154	0.29041	0.46574	0.44262	0.64519	0.60329	0.66872	0.72104	0.43569	0.57629	0.53623	0.5971	0.34716	0.31844	0.46019	0.48243	0.42598	0.48073	0.60158	0.56342	
 Cu_L 	0.37721	0.33902	0.27525	0.34163	0.5314	0.44388	0.062641	0.1185	0.439	0.38703	0.30443	0.41653	0.50841	0.53965	0.36745	0.48661	0.5399	0.53154	0.45343	0.45363	0.54508	0.52823	0.70035	0.71801	0.58969	0.66449	0.25408	0.34207	0.41966	0.37967	0.15204	0.24184	0.62121	0.61057	0.64507	0.67495	0.63124	0.64859	0.44927	0.53541	0.58734	0.57101	0.4844	0.50028	0.6174	0.56677	0.85262	0.89696	0.49022	0.57821	0.424	0.38113	1	0.94504	0.96664	0.93703	0.46614	0.43364	-0.13718	0.17281	0.59439	0.59039	0.50243	0.47703	0.62087	0.64824	0.51337	0.56071	0.48986	0.40774	0.36018	0.29345	0.29385	0.36908	0.55788	0.57167	0.53143	0.59246	
 Cu_R 	0.40839	0.35995	0.32663	0.41031	0.61264	0.49802	0.1749	0.21734	0.58743	0.54083	0.41998	0.45648	0.60225	0.6192	0.48266	0.55682	0.64764	0.64953	0.52546	0.52378	0.60818	0.57852	0.69822	0.73314	0.5766	0.67127	0.40206	0.43109	0.54112	0.46832	0.31638	0.40328	0.71235	0.71786	0.59782	0.67149	0.65125	0.65236	0.43995	0.5074	0.64774	0.60116	0.56918	0.56956	0.68948	0.63865	0.82359	0.82276	0.62	0.67725	0.47266	0.46901	0.94504	1	0.9055	0.92378	0.53969	0.50642	-0.16887	0.14666	0.65529	0.59125	0.58069	0.55277	0.67082	0.72562	0.53886	0.60753	0.55187	0.48894	0.40465	0.3667	0.35792	0.43614	0.63325	0.66396	0.6244	0.66898	
 LG_L 	0.45233	0.38474	0.32278	0.39798	0.51916	0.47164	0.097764	0.14969	0.42777	0.37771	0.24128	0.37121	0.48844	0.5347	0.30946	0.44104	0.52972	0.5273	0.47463	0.47271	0.52226	0.52679	0.72022	0.71901	0.61834	0.67384	0.25055	0.36373	0.41076	0.34424	0.10889	0.20778	0.58837	0.5685	0.65167	0.66288	0.62861	0.65171	0.48657	0.56668	0.59986	0.59907	0.52166	0.53635	0.65375	0.59572	0.85413	0.88751	0.50655	0.60022	0.46656	0.43283	0.96664	0.9055	1	0.95763	0.4287	0.40347	-0.099374	0.17983	0.57046	0.59933	0.48986	0.46465	0.60637	0.6226	0.46853	0.53038	0.54184	0.4822	0.31639	0.26251	0.28807	0.34986	0.50573	0.5048	0.51273	0.5594	
 LG_R 	0.43732	0.38964	0.31526	0.4111	0.49847	0.43874	0.12083	0.18771	0.46283	0.44408	0.26402	0.35607	0.47655	0.52251	0.31885	0.43654	0.52864	0.57209	0.46228	0.48628	0.52114	0.51739	0.68134	0.69931	0.56626	0.63631	0.31399	0.42017	0.41305	0.3752	0.11972	0.26519	0.56392	0.57638	0.55173	0.6258	0.59993	0.61583	0.37939	0.48921	0.60117	0.59215	0.51695	0.5363	0.69813	0.65416	0.81116	0.86034	0.54724	0.68469	0.44547	0.43655	0.93703	0.92378	0.95763	1	0.42706	0.40276	-0.11471	0.20779	0.60524	0.60389	0.49615	0.47046	0.53515	0.60052	0.4266	0.51475	0.53464	0.48347	0.38968	0.32798	0.27877	0.35977	0.51109	0.52186	0.50504	0.56585	
 rostral_ACC_L 	0.46702	0.45372	0.55369	0.676	0.7502	0.68086	0.45558	0.5225	0.78988	0.66062	0.78658	0.83586	0.80494	0.80342	0.77521	0.86622	0.7157	0.69785	0.64452	0.56454	0.84314	0.79785	0.50166	0.42157	0.66662	0.63868	0.5132	0.40254	0.65687	0.5374	0.58897	0.62208	0.6849	0.70792	0.61898	0.69934	0.62959	0.56818	0.4425	0.51541	0.43554	0.45866	0.58215	0.52846	0.62606	0.65566	0.51283	0.28795	0.7241	0.66037	0.43608	0.56873	0.46614	0.53969	0.4287	0.42706	1	0.95965	0.23387	0.45584	0.70265	0.5772	0.8064	0.79539	0.68999	0.77716	0.81737	0.76466	0.20032	0.20294	0.4136	0.48404	0.5314	0.53619	0.74178	0.6413	0.58555	0.64093	
 rostral_ACC_R 	0.44682	0.45327	0.49027	0.64733	0.69088	0.63093	0.43424	0.53689	0.78605	0.69461	0.77921	0.84614	0.78737	0.79956	0.74438	0.84691	0.72792	0.7345	0.61817	0.56117	0.81975	0.8029	0.46354	0.38067	0.64425	0.61237	0.51466	0.39764	0.63056	0.50713	0.5571	0.64484	0.65518	0.69337	0.59388	0.67623	0.62181	0.56813	0.40238	0.46568	0.42115	0.45743	0.58246	0.52207	0.61595	0.64394	0.48355	0.24602	0.71271	0.63054	0.39636	0.54124	0.43364	0.50642	0.40347	0.40276	0.95965	1	0.24852	0.4777	0.65749	0.56777	0.78292	0.78742	0.63587	0.75411	0.82395	0.79991	0.22518	0.24889	0.4305	0.50428	0.54638	0.53255	0.70918	0.60937	0.59658	0.66221	
 subcallosal_ACC_L 	0.30525	0.25859	0.19437	0.32024	0.19032	0.23354	0.223	0.21792	0.15605	0.085564	0.12428	0.20509	0.18712	0.26643	0.15804	0.22525	0.14443	0.20363	0.19993	0.23073	0.31483	0.25334	0.083974	0.022194	0.25761	0.22278	0.014913	0.044395	0.059997	-0.019975	0.1623	0.15537	0.1428	0.076298	0.13105	0.16363	0.1342	0.064401	0.14483	0.16416	0.033993	0.10248	0.046131	0.088084	0.076798	0.21204	-0.003025	-0.15303	0.17821	0.1648	0.15135	0.24154	-0.13718	-0.16887	-0.099374	-0.11471	0.23387	0.24852	1	0.47118	0.13456	0.14344	0.18756	0.22547	0.15089	0.15275	0.20159	0.24192	-0.12626	-0.067031	-0.070326	-0.020768	0.24299	0.20442	0.077207	0.028801	0.032809	0.019356	
 subcallosal_ACC_R 	0.17982	0.34374	0.34574	0.42922	0.28106	0.31501	0.31538	0.3553	0.28651	0.21965	0.37015	0.48609	0.44011	0.49232	0.31349	0.45047	0.40441	0.38156	0.32575	0.4187	0.57251	0.57079	0.24396	0.22283	0.34564	0.39304	0.084271	0.2375	0.20287	0.27935	0.14865	0.22562	0.21243	0.26325	0.33489	0.402	0.44362	0.4049	0.27999	0.37925	0.33457	0.44701	0.36633	0.40586	0.25967	0.36156	0.14819	0.11659	0.21856	0.30182	0.16597	0.29041	0.17281	0.14666	0.17983	0.20779	0.45584	0.4777	0.47118	1	0.44455	0.41946	0.37422	0.38984	0.29197	0.33991	0.4718	0.47824	0.11928	0.0927	0.3285	0.37391	0.24345	0.35191	0.38745	0.3211	0.19868	0.32155	
 subgenual_ACC_L 	0.38066	0.44533	0.33358	0.50897	0.62047	0.47969	0.19999	0.21648	0.56915	0.4374	0.5551	0.58201	0.70292	0.70029	0.55269	0.71335	0.66109	0.73874	0.66226	0.65033	0.83552	0.73568	0.52848	0.57094	0.52454	0.61287	0.43455	0.43251	0.5562	0.57157	0.42695	0.4391	0.58319	0.60456	0.53229	0.67897	0.7047	0.62832	0.42752	0.52012	0.61543	0.59067	0.61688	0.6003	0.70362	0.72069	0.636	0.52929	0.66129	0.73173	0.4516	0.46574	0.59439	0.65529	0.57046	0.60524	0.70265	0.65749	0.13456	0.44455	1	0.81775	0.56378	0.52702	0.60593	0.62649	0.69328	0.69445	0.39651	0.30508	0.42054	0.42986	0.5393	0.48808	0.7715	0.65786	0.45584	0.50835	
 subgenual_ACC_R 	0.30869	0.3573	0.30858	0.45618	0.5168	0.41525	0.17219	0.23796	0.44874	0.38067	0.41344	0.46579	0.57501	0.60448	0.44039	0.54905	0.56471	0.68348	0.69472	0.68796	0.72882	0.73084	0.52434	0.4842	0.49449	0.53367	0.36142	0.36655	0.41619	0.35942	0.32393	0.41836	0.51522	0.54532	0.48279	0.57286	0.73637	0.6591	0.37276	0.48059	0.6049	0.64481	0.62111	0.60199	0.65533	0.71071	0.57691	0.50715	0.61202	0.66727	0.35368	0.44262	0.59039	0.59125	0.59933	0.60389	0.5772	0.56777	0.14344	0.41946	0.81775	1	0.42996	0.41192	0.54629	0.57644	0.5464	0.62737	0.33713	0.32108	0.31389	0.25256	0.42772	0.29258	0.54297	0.44931	0.39681	0.47887	
