	 SFG_L 	 SFG_R 	 SFG_PFC_L 	 SFG_PFC_R 	 SFG_pole_L 	 SFG_pole_R 	 MFG_L 	 MFG_R 	 MFG_DPFC_L 	 MFG_DPFC_R 	 IFG_opercularis_L 	 IFG_opercularis_R 	 IFG_orbitalis_L 	 IFG_orbitalis_R 	 IFG_triangularis_L 	 IFG_triangularis_R 	 LFOG_L 	 LFOG_R 	 MFOG_L 	 MFOG_R 	 RG_L 	 RG_R 	 PoCG_L 	 PoCG_R 	 PrCG_L 	 PrCG_R 	 SPG_L 	 SPG_R 	 SMG_L 	 SMG_R 	 AG_L 	 AG_R 	 PrCu_L 	 PrCu_R 	 STG_L 	 STG_R 	 STG_L_pole 	 STG_R_pole 	 MTG_L 	 MTG_R 	 MTG_L_pole 	 MTG_R_pole 	 ITG_L 	 ITG_R 	 FuG_L 	 FuG_R 	 SOG_L 	 SOG_R 	 MOG_L 	 MOG_R 	 IOG_L 	 IOG_R 	 Cu_L 	 Cu_R 	 LG_L 	 LG_R 	 rostral_ACC_L 	 rostral_ACC_R 	 subcallosal_ACC_L 	 subcallosal_ACC_R 	 subgenual_ACC_L 	 subgenual_ACC_R 	 dorsal_ACC_L 	 dorsal_ACC_R 	 PCC_L 	 PCC_R 	 Insula_L 	 Insula_R 	 CerebellumGM_L 	 CerebellumGM_R 	 Caud_L 	 Caud_R 	 Put_L 	 Put_R 	 GP_L 	 GP_R 	 Thalamus_L 	 Thalamus_R 	
 SFG_L 	1	0.8019	0.62744	0.64083	0.17026	0.57766	0.44839	0.16475	0.2831	-0.065246	0.4269	0.18443	0.33872	0.14714	0.29663	0.060928	0.22957	-0.0021788	0.089467	0.036103	0.11219	0.086228	-0.03455	0.12416	0.51482	0.42954	-0.14397	-0.075977	0.097316	-0.094794	0.58229	0.22563	-0.12148	-0.17986	-0.19099	-0.10286	0.15883	0.27623	0.35943	0.24424	0.25745	0.22962	0.34777	0.26396	-0.32503	-0.38716	-0.40801	-0.63495	-0.24591	-0.47531	-0.060868	-0.11409	-0.49303	-0.47113	-0.53316	-0.53291	0.40256	0.32055	-0.021146	0.021079	0.054814	-0.1037	0.29224	0.23087	0.27375	0.33327	-0.0040528	0.091738	-0.32587	-0.066374	-0.20732	0.13369	-0.24399	-0.048595	0.050939	-0.032846	0.24938	0.18183	
 SFG_R 	0.8019	1	0.46245	0.5889	-0.0077411	0.47301	0.35894	0.20082	0.28436	-0.0014115	0.28689	0.13981	0.27372	0.099306	0.18842	0.054007	0.18486	-0.074826	0.051082	0.058841	-0.065192	-0.098214	0.078199	0.096337	0.502	0.50234	0.069126	0.17347	0.1513	0.10079	0.4153	0.18056	-0.16324	-0.14292	-0.12273	-0.042657	0.041942	0.19628	0.32028	0.2801	0.20433	0.22658	0.29551	0.26669	-0.29414	-0.33882	-0.2877	-0.44638	-0.15997	-0.3309	-0.063002	-0.034691	-0.44785	-0.41629	-0.44339	-0.4216	0.18244	0.17331	-0.023017	0.13951	-0.050508	-0.15701	0.24141	0.29857	0.10091	0.18467	0.13278	0.25806	-0.29269	-0.14675	-0.219	0.03866	-0.2425	-0.066367	0.13975	0.052606	0.23484	0.095909	
 SFG_PFC_L 	0.62744	0.46245	1	0.85523	0.48262	0.83556	0.42707	0.18895	0.064105	0.010128	0.088221	0.19788	0.3814	0.22149	0.26135	0.14719	0.47751	0.29015	0.15126	0.25492	0.42545	0.37668	0.1793	-0.022276	0.24906	0.1208	-0.14227	-0.12321	-0.086662	-0.32302	0.70154	0.36407	-0.24342	-0.38413	-0.066421	-0.017641	0.27748	0.17776	0.59789	0.48015	0.49137	0.51952	0.56384	0.58288	-0.19322	-0.23667	-0.29058	-0.29082	0.025626	-0.26392	-0.083687	0.060576	-0.17622	-0.13499	-0.23598	-0.22498	0.70045	0.58304	0.16243	0.13951	0.27582	0.086023	0.077299	-0.020684	0.52362	0.44156	-0.037069	-0.044175	-0.046548	0.18323	-0.20371	0.023374	-0.055719	0.030067	-0.0088887	0.061521	0.042213	0.064069	
 SFG_PFC_R 	0.64083	0.5889	0.85523	1	0.46612	0.91395	0.42644	0.28579	0.20991	0.11221	0.19058	0.27118	0.31614	0.24167	0.2256	0.17019	0.31884	0.25263	0.1867	0.28489	0.39467	0.39047	0.13305	-0.06201	0.29688	0.088883	-0.085692	-0.14084	0.02247	-0.32446	0.68403	0.50765	-0.085702	-0.22571	-0.11588	-0.098618	0.18403	0.13363	0.54178	0.45553	0.35453	0.40896	0.41616	0.48285	-0.2009	-0.294	-0.28531	-0.38774	0.025191	-0.30966	-0.056734	0.016653	-0.28556	-0.21952	-0.34771	-0.32739	0.65773	0.66267	0.16262	0.14711	0.17348	-0.074133	0.043001	-0.039895	0.55684	0.51338	0.0035876	0.022044	-0.12772	0.055016	-0.15774	0.07051	-0.10343	0.031225	0.018655	0.0089583	0.1706	0.06339	
 SFG_pole_L 	0.17026	-0.0077411	0.48262	0.46612	1	0.43441	0.53067	0.42882	0.17392	0.37803	0.33667	0.36205	0.61342	0.43043	0.38173	0.35679	0.45799	0.48095	0.5608	0.43695	0.69613	0.67632	-0.048942	-0.1147	0.033995	-0.10767	-0.001402	0.034953	0.15943	-0.18743	0.61957	0.59293	0.0095856	-0.16675	-0.11866	-0.2242	0.15552	0.051983	0.39276	0.097617	0.25746	0.19861	0.48047	0.39878	0.21118	0.089241	0.15927	-0.13945	0.25746	0.1189	0.19142	0.17227	-0.087952	-0.052678	-0.1192	-0.096028	0.46758	0.45401	0.13839	0.2043	0.34181	0.19624	0.034328	-0.15893	0.48642	0.46624	-0.051855	-0.22244	0.012917	0.17215	-0.22664	0.081769	-0.13957	-0.17985	-0.24251	0.059697	-0.086101	-0.070322	
 SFG_pole_R 	0.57766	0.47301	0.83556	0.91395	0.43441	1	0.28424	0.15667	0.13724	0.016459	0.066094	0.11609	0.19993	0.10225	0.10415	0.013824	0.26347	0.1679	0.058686	0.17197	0.30848	0.32064	0.15792	-0.031976	0.24891	0.016782	-0.20567	-0.19534	-0.11384	-0.45639	0.63263	0.40158	-0.093239	-0.20629	-0.091513	-0.059222	0.14971	0.1315	0.4395	0.40133	0.27847	0.33323	0.34738	0.41712	-0.27239	-0.34972	-0.38209	-0.33434	0.021061	-0.37262	-0.17055	-0.055382	-0.15932	-0.12713	-0.23867	-0.2469	0.64834	0.63088	0.11185	0.16075	0.14152	-0.043591	0.021034	-0.08664	0.57119	0.50189	0.030079	0.023406	-0.056362	0.095603	-0.12819	0.13749	-0.012952	0.064686	0.013152	0.024536	0.21699	0.2008	
 MFG_L 	0.44839	0.35894	0.42707	0.42644	0.53067	0.28424	1	0.82007	0.57492	0.58895	0.67023	0.6778	0.77421	0.52187	0.71286	0.56825	0.485	0.28442	0.61636	0.51318	0.35386	0.39046	-0.32226	-0.4309	0.11861	0.011901	0.36059	0.072097	0.52081	0.16249	0.78212	0.70259	-0.005075	-0.23288	-0.27908	-0.26784	0.003482	0.056224	0.63854	0.28243	0.43466	0.36108	0.65014	0.53617	0.32106	0.24811	0.32614	-0.4715	0.3238	0.33152	0.58167	0.48805	-0.50589	-0.42739	-0.43636	-0.38842	0.1191	0.17475	0.16816	0.17005	0.42724	0.26135	-0.04402	-0.20794	0.25749	0.322	-0.23328	-0.25287	-0.036232	0.24973	0.075904	0.16429	-0.24232	-0.12504	0.042623	-0.072176	0.019775	-0.020862	
 MFG_R 	0.16475	0.20082	0.18895	0.28579	0.42882	0.15667	0.82007	1	0.62151	0.84741	0.59779	0.75377	0.67459	0.61946	0.59296	0.69979	0.33256	0.30278	0.55351	0.5179	0.20395	0.28978	-0.26313	-0.53459	0.044835	-0.16457	0.55767	0.20668	0.63349	0.27857	0.60657	0.80422	0.092946	-0.052944	-0.43693	-0.48598	-0.18319	-0.11473	0.36677	0.012172	0.30751	0.20168	0.47623	0.44532	0.36221	0.30876	0.47405	-0.37702	0.34108	0.48673	0.67603	0.51489	-0.51291	-0.44565	-0.40339	-0.38663	-0.12718	0.068477	0.17384	0.15401	0.27592	0.19165	-0.2749	-0.40379	0.07858	0.19637	-0.18219	-0.23735	-0.07864	0.11815	0.14016	0.14159	-0.18412	-0.23883	-0.04243	-0.035602	0.066165	-0.079902	
 MFG_DPFC_L 	0.2831	0.28436	0.064105	0.20991	0.17392	0.13724	0.57492	0.62151	1	0.71095	0.5456	0.44296	0.3326	0.34368	0.26789	0.4503	0.16543	0.038336	0.25945	0.089303	-0.12053	-0.051068	-0.31713	-0.34062	0.12292	0.042421	0.33131	-0.022478	0.62401	0.31468	0.35802	0.45911	0.19619	0.093505	-0.23089	-0.22048	-0.27729	-0.12924	0.18797	0.065477	0.0034688	-0.077494	0.19007	0.12534	0.035224	0.075689	0.046623	-0.46696	0.29823	0.18815	0.45629	0.41375	-0.48455	-0.41943	-0.47244	-0.45591	-0.15357	-0.12174	0.019777	0.15276	-0.018813	-0.054253	-0.31955	-0.30285	0.0039736	0.10608	-0.25688	-0.16965	-0.0064231	0.19812	0.27311	0.32058	0.076653	-0.077561	0.16481	0.14198	0.18516	-0.03221	
 MFG_DPFC_R 	-0.065246	-0.0014115	0.010128	0.11221	0.37803	0.016459	0.58895	0.84741	0.71095	1	0.481	0.55745	0.48986	0.53436	0.36813	0.63166	0.26415	0.34305	0.47927	0.43567	0.052883	0.12972	-0.23069	-0.52633	-0.082266	-0.27289	0.52232	0.21248	0.64845	0.29865	0.43232	0.74081	0.20557	0.047282	-0.3038	-0.38933	-0.3065	-0.27897	0.22869	-0.045894	0.11124	0.0013624	0.31074	0.29091	0.27022	0.25127	0.45283	-0.23826	0.45183	0.54362	0.62147	0.51305	-0.3589	-0.32017	-0.26656	-0.29128	-0.22502	-0.13304	0.092597	0.15529	0.14321	0.0999	-0.36593	-0.48033	0.0067198	0.089236	-0.13839	-0.21596	0.061313	0.17527	0.20552	0.26261	-0.0037189	-0.17984	-0.039165	0.082003	0.1105	0.010506	
 IFG_opercularis_L 	0.4269	0.28689	0.088221	0.19058	0.33667	0.066094	0.67023	0.59779	0.5456	0.481	1	0.64807	0.62137	0.44813	0.79206	0.58114	0.15029	0.1288	0.41603	0.16926	0.19452	0.14498	-0.34438	-0.22262	0.34748	0.17906	0.26532	0.16557	0.63948	0.31544	0.41551	0.4574	0.027777	-0.01036	-0.29253	-0.29567	-0.036601	0.14964	0.26389	-0.035188	0.097088	0.0010352	0.28066	0.1305	0.15279	0.0078478	0.20692	-0.60277	-0.024672	0.084037	0.45448	0.1576	-0.60231	-0.57845	-0.54697	-0.56208	0.010419	0.053224	0.061415	0.0023029	0.10876	-0.037658	0.025882	-0.13342	-0.022707	0.14318	0.0012861	-0.017751	-0.29223	-0.10984	0.0009397	0.18932	-0.24736	-0.1322	-0.03112	-0.051752	0.081049	-0.047171	
 IFG_opercularis_R 	0.18443	0.13981	0.19788	0.27118	0.36205	0.11609	0.6778	0.75377	0.44296	0.55745	0.64807	1	0.5784	0.76405	0.69102	0.75654	0.27916	0.29489	0.42716	0.37608	0.20274	0.34481	-0.36161	-0.48313	0.010631	-0.065856	0.35103	0.021137	0.51744	0.19879	0.49085	0.56366	0.12329	0.076933	-0.43254	-0.425	0.00090815	0.077952	0.30381	-0.020111	0.26998	0.23607	0.33624	0.26569	0.39712	0.34781	0.37723	-0.35097	0.26294	0.38245	0.55367	0.40277	-0.46101	-0.39049	-0.36245	-0.33762	-0.049422	0.16476	0.066006	-0.031881	0.24593	0.092526	-0.23462	-0.28641	0.097375	0.27761	-0.24391	-0.21806	-0.11079	0.091027	0.078163	-0.060996	-0.03562	-0.13311	-0.10242	-0.0074724	0.012489	-0.24219	
 IFG_orbitalis_L 	0.33872	0.27372	0.3814	0.31614	0.61342	0.19993	0.77421	0.67459	0.3326	0.48986	0.62137	0.5784	1	0.61963	0.78295	0.59709	0.53353	0.47327	0.66706	0.53605	0.4397	0.443	-0.059979	-0.19328	0.24483	0.12077	0.28063	0.25891	0.38924	0.2012	0.59134	0.5554	-0.13241	-0.25389	-0.19018	-0.20148	0.1116	0.11025	0.49823	0.17054	0.36497	0.34465	0.55695	0.482	0.25158	0.15707	0.31303	-0.31326	0.26745	0.26024	0.40994	0.30896	-0.28909	-0.25576	-0.21351	-0.19616	0.078582	0.11466	0.056139	0.083917	0.33312	0.19986	0.018057	-0.19399	0.1727	0.24439	0.023372	-0.063543	-0.041915	0.1889	-0.13671	0.083464	-0.2584	-0.13585	-0.15616	0.0094104	-0.062772	-0.088379	
 IFG_orbitalis_R 	0.14714	0.099306	0.22149	0.24167	0.43043	0.10225	0.52187	0.61946	0.34368	0.53436	0.44813	0.76405	0.61963	1	0.55581	0.72077	0.28307	0.49659	0.48876	0.483	0.25135	0.3849	-0.24776	-0.4168	-0.11044	-0.16654	0.34358	0.094618	0.3846	0.17242	0.41342	0.48733	0.10297	0.037728	-0.29564	-0.30754	0.033423	0.13195	0.28054	0.011538	0.28524	0.29397	0.31567	0.30346	0.21052	0.2183	0.2583	-0.14512	0.33816	0.33647	0.37356	0.32241	-0.25485	-0.23406	-0.18458	-0.20726	-0.040613	0.1529	0.12302	0.17375	0.1764	0.069241	-0.38243	-0.38407	0.073992	0.13321	-0.2502	-0.17173	-0.066486	0.085919	-0.093494	-0.12056	0.072004	-0.037087	-0.15336	0.10641	-0.020575	-0.21243	
 IFG_triangularis_L 	0.29663	0.18842	0.26135	0.2256	0.38173	0.10415	0.71286	0.59296	0.26789	0.36813	0.79206	0.69102	0.78295	0.55581	1	0.68934	0.27642	0.27714	0.47765	0.31742	0.34725	0.31147	-0.13982	-0.23309	0.29162	0.15434	0.25654	0.20812	0.47099	0.24326	0.43007	0.37766	-0.1726	-0.20936	-0.14184	-0.13601	0.15926	0.25131	0.45028	0.1332	0.34541	0.3477	0.414	0.36052	0.27604	0.1606	0.28243	-0.3652	0.044829	0.2013	0.36184	0.2024	-0.37435	-0.35022	-0.29458	-0.28581	0.052959	0.141	0.088242	-0.052974	0.35469	0.16685	0.020913	-0.17104	-0.017139	0.12159	0.016349	-0.017924	-0.17169	0.031452	-0.044943	0.05674	-0.21901	-0.10799	-0.042615	-0.10695	-0.11837	-0.17446	
 IFG_triangularis_R 	0.060928	0.054007	0.14719	0.17019	0.35679	0.013824	0.56825	0.69979	0.4503	0.63166	0.58114	0.75654	0.59709	0.72077	0.68934	1	0.34118	0.38371	0.45655	0.33544	0.15728	0.1978	-0.10781	-0.41139	0.12508	-0.043079	0.47267	0.25182	0.63821	0.38458	0.35404	0.46778	-0.034402	-0.050838	-0.21878	-0.30669	-0.019338	-0.027071	0.28159	-0.0046649	0.22947	0.24763	0.3642	0.41031	0.41038	0.37812	0.4341	-0.19465	0.2837	0.42879	0.56861	0.44249	-0.3394	-0.31529	-0.26765	-0.28604	-0.17373	-0.03501	0.15167	0.031163	0.27354	0.12985	-0.36577	-0.4993	-0.1357	-0.046652	-0.14737	-0.20809	-0.0067645	0.12412	0.094102	0.072811	-0.040379	-0.14202	-0.12736	0.13812	-0.086121	-0.27475	
 LFOG_L 	0.22957	0.18486	0.47751	0.31884	0.45799	0.26347	0.485	0.33256	0.16543	0.26415	0.15029	0.27916	0.53353	0.28307	0.27642	0.34118	1	0.48596	0.56592	0.53416	0.3598	0.33407	0.0075334	-0.13246	0.089727	0.042207	0.25268	0.23068	0.20337	0.0048311	0.51004	0.3616	-0.13117	-0.30446	-0.10039	-0.16849	0.24095	-0.046148	0.4998	0.28149	0.47871	0.48936	0.6232	0.59182	0.31252	0.32565	0.24159	-0.17314	0.32992	0.26648	0.42437	0.47994	-0.1772	-0.16579	-0.17693	-0.13904	0.19521	0.013641	0.12951	0.18463	0.30684	0.24851	0.096176	-0.049648	0.23567	0.22792	-0.099654	-0.32116	0.15317	0.37283	-0.17878	-0.043554	-0.15777	-0.14377	-0.14546	0.089239	-0.11124	-0.0073465	
 LFOG_R 	-0.0021788	-0.074826	0.29015	0.25263	0.48095	0.1679	0.28442	0.30278	0.038336	0.34305	0.1288	0.29489	0.47327	0.49659	0.27714	0.38371	0.48596	1	0.60996	0.77481	0.49339	0.58472	0.17515	-0.043297	-0.045024	-0.012843	0.10477	0.098749	-0.033866	-0.16085	0.28709	0.34063	0.055932	-0.13964	-0.044079	-0.10504	0.02475	-0.060089	0.1974	0.026727	0.069681	0.14192	0.19932	0.22912	0.21473	0.19224	0.27957	0.11837	0.3898	0.25775	0.17587	0.23638	0.13566	0.097761	0.11734	0.066191	0.14745	0.099807	0.00010909	0.11931	0.24341	0.2037	-0.14487	-0.2991	0.27934	0.21041	0.0036945	-0.019031	0.1024	0.1525	-0.14795	0.0062256	-0.032622	0.04764	-0.15087	-0.15469	0.04973	0.016048	
 MFOG_L 	0.089467	0.051082	0.15126	0.1867	0.5608	0.058686	0.61636	0.55351	0.25945	0.47927	0.41603	0.42716	0.66706	0.48876	0.47765	0.45655	0.56592	0.60996	1	0.78059	0.52042	0.6027	-0.088226	-0.16765	0.034029	0.0046511	0.28234	0.21629	0.23032	0.022495	0.44055	0.52576	0.01679	-0.25658	-0.16408	-0.24604	-0.14578	-0.14754	0.358	0.070357	0.10705	0.18133	0.35929	0.34728	0.30877	0.23465	0.43188	-0.17077	0.32931	0.33218	0.45543	0.40783	-0.15616	-0.13389	-0.15487	-0.12896	0.0535	0.011772	0.10606	0.21	0.46368	0.35491	0.01017	-0.20889	0.2635	0.16668	-0.12865	-0.25012	-0.013161	0.094081	-0.087872	0.062658	-0.28763	-0.069749	-0.082528	-0.12083	0.063005	-0.013276	
 MFOG_R 	0.036103	0.058841	0.25492	0.28489	0.43695	0.17197	0.51318	0.5179	0.089303	0.43567	0.16926	0.37608	0.53605	0.483	0.31742	0.33544	0.53416	0.77481	0.78059	1	0.45844	0.5845	0.015024	-0.22754	-0.10421	-0.14197	0.29092	0.12663	0.06264	-0.15874	0.45462	0.5567	0.088255	-0.20512	-0.19803	-0.27147	-0.10305	-0.16511	0.33469	0.078001	0.21123	0.23776	0.32694	0.35593	0.27263	0.22903	0.42782	-0.034525	0.45087	0.40087	0.37828	0.40384	-0.055137	-0.048372	-0.031972	-0.038174	0.077712	0.11386	0.08736	0.19721	0.41088	0.32881	-0.083359	-0.27595	0.29943	0.21107	-0.065016	-0.12239	0.05368	0.14451	-0.13114	-0.039933	-0.23101	-0.0037486	-0.040652	-0.27051	0.084868	0.084917	
 RG_L 	0.11219	-0.065192	0.42545	0.39467	0.69613	0.30848	0.35386	0.20395	-0.12053	0.052883	0.19452	0.20274	0.4397	0.25135	0.34725	0.15728	0.3598	0.49339	0.52042	0.45844	1	0.85159	0.11042	0.15974	0.090061	0.071811	-0.023777	0.075036	-0.050503	-0.18769	0.31656	0.28466	-0.095689	-0.27151	-0.037619	-0.1148	0.18501	0.13023	0.25982	0.040188	0.21997	0.21293	0.28925	0.25485	0.17616	0.045688	0.17701	0.032401	0.026785	-0.032496	0.057722	-0.041169	0.050545	0.04713	-0.0065532	0.028933	0.6593	0.66233	0.33598	0.30877	0.38027	0.22004	0.23873	0.11797	0.40558	0.26547	0.13345	-0.037867	-0.1369	-0.10069	-0.29735	-0.010846	-0.30054	-0.13442	-0.22821	-0.22118	-0.24611	-0.23757	
 RG_R 	0.086228	-0.098214	0.37668	0.39047	0.67632	0.32064	0.39046	0.28978	-0.051068	0.12972	0.14498	0.34481	0.443	0.3849	0.31147	0.1978	0.33407	0.58472	0.6027	0.5845	0.85159	1	0.11963	0.086764	0.036818	0.024917	-0.088118	-0.11236	-0.12194	-0.27427	0.35841	0.37852	-0.052574	-0.27764	-0.12758	-0.15878	0.081224	0.079404	0.22144	-0.0090865	0.14155	0.22518	0.22962	0.24696	0.19542	0.090442	0.17156	-0.0014626	0.15919	0.021227	0.081633	0.020594	0.077013	0.083738	0.018963	0.061893	0.45674	0.58388	0.20776	0.22203	0.45204	0.3027	0.073595	-0.02929	0.44643	0.3546	0.010001	-0.10919	-0.097741	0.006958	-0.2272	-0.038732	-0.1998	-0.051857	-0.14482	-0.21166	-0.083468	-0.17656	
 PoCG_L 	-0.03455	0.078199	0.1793	0.13305	-0.048942	0.15792	-0.32226	-0.26313	-0.31713	-0.23069	-0.34438	-0.36161	-0.059979	-0.24776	-0.13982	-0.10781	0.0075334	0.17515	-0.088226	0.015024	0.11042	0.11963	1	0.64548	0.54632	0.46179	-0.23678	0.067498	-0.35345	-0.076022	-0.26505	-0.21719	-0.31008	-0.25306	0.31809	0.27147	-0.021987	-0.062025	-0.1778	-0.024038	-0.2101	-0.044238	-0.1993	0.098549	-0.33461	-0.32484	-0.18946	0.22755	-0.25449	-0.3691	-0.44517	-0.32788	0.41067	0.35673	0.27708	0.2493	0.085445	0.078571	0.10996	-0.10788	0.031336	-0.019942	0.14315	0.06324	0.0465	-0.056697	0.47897	0.33311	-0.0021039	-0.05942	-0.20752	-0.015926	-0.087208	-0.064032	-0.073144	0.079207	0.084038	0.075665	
 PoCG_R 	0.12416	0.096337	-0.022276	-0.06201	-0.1147	-0.031976	-0.4309	-0.53459	-0.34062	-0.52633	-0.22262	-0.48313	-0.19328	-0.4168	-0.23309	-0.41139	-0.13246	-0.043297	-0.16765	-0.22754	0.15974	0.086764	0.64548	1	0.4595	0.70924	-0.45791	0.05366	-0.44065	-0.034719	-0.43265	-0.52565	-0.21294	-0.086159	0.28557	0.27542	0.043403	0.096484	-0.3654	-0.23875	-0.38108	-0.30987	-0.30784	-0.27132	-0.3766	-0.39164	-0.35696	0.050269	-0.47568	-0.59559	-0.52335	-0.56209	0.25522	0.22311	0.13135	0.14059	0.20547	0.057596	-0.036976	-0.10044	-0.15618	-0.14272	0.44334	0.49256	-0.033035	-0.069831	0.46377	0.43041	-0.098124	-0.22004	-0.28612	-0.056984	-0.21383	-0.10233	-0.1549	-0.0092207	0.12633	0.043465	
 PrCG_L 	0.51482	0.502	0.24906	0.29688	0.033995	0.24891	0.11861	0.044835	0.12292	-0.082266	0.34748	0.010631	0.24483	-0.11044	0.29162	0.12508	0.089727	-0.045024	0.034029	-0.10421	0.090061	0.036818	0.54632	0.4595	1	0.68005	-0.019128	0.22211	0.15729	0.16223	0.064145	-0.0028927	-0.28453	-0.19783	0.019751	0.012583	0.12556	0.19457	0.064295	0.032644	-0.029156	0.025876	0.065621	0.17794	-0.31293	-0.42377	-0.19643	-0.37499	-0.39178	-0.47236	-0.10921	-0.20963	-0.2114	-0.26052	-0.31944	-0.34845	0.15536	0.10355	0.025346	-0.13499	0.049307	-0.12297	0.36691	0.2072	0.013638	0.05583	0.36716	0.23983	-0.35806	-0.17966	-0.35027	0.086474	-0.29637	-0.20752	-0.052529	-0.035786	0.067788	0.026354	
 PrCG_R 	0.42954	0.50234	0.1208	0.088883	-0.10767	0.016782	0.011901	-0.16457	0.042421	-0.27289	0.17906	-0.065856	0.12077	-0.16654	0.15434	-0.043079	0.042207	-0.012843	0.0046511	-0.14197	0.071811	0.024917	0.46179	0.70924	0.68005	1	-0.2385	0.13106	-0.052423	0.2395	-0.14293	-0.34726	-0.32525	-0.17222	0.16867	0.23982	0.047954	0.21647	-0.095621	-0.058265	-0.20113	-0.11622	-0.024514	-0.039933	-0.24	-0.26449	-0.2746	-0.19859	-0.37213	-0.43038	-0.2433	-0.26804	-0.097668	-0.11154	-0.16762	-0.15694	0.089583	-0.032414	-0.083153	-0.07306	0.0060707	-0.014698	0.44806	0.51551	-0.11605	-0.029921	0.35623	0.44622	-0.22564	-0.21271	-0.2527	0.02807	-0.29372	-0.15334	-0.010476	0.025169	0.082507	-0.052777	
 SPG_L 	-0.14397	0.069126	-0.14227	-0.085692	-0.001402	-0.20567	0.36059	0.55767	0.33131	0.52232	0.26532	0.35103	0.28063	0.34358	0.25654	0.47267	0.25268	0.10477	0.28234	0.29092	-0.023777	-0.088118	-0.23678	-0.45791	-0.019128	-0.2385	1	0.67849	0.5551	0.42924	0.11699	0.34517	0.17585	0.074214	-0.23495	-0.30405	-0.043253	-0.16366	0.19521	0.038408	0.24705	0.15392	0.26301	0.32684	0.45763	0.44806	0.68386	0.086352	0.45918	0.6612	0.73126	0.64893	-0.27729	-0.24986	-0.17596	-0.13281	-0.28971	-0.18924	0.10577	0.1808	-0.037388	-0.01949	-0.31753	-0.31793	-0.20794	-0.21017	-0.14114	-0.1942	0.18403	0.19869	-0.02775	-0.15976	-0.025364	-0.038485	0.017451	0.032572	-0.25967	-0.25076	
 SPG_R 	-0.075977	0.17347	-0.12321	-0.14084	0.034953	-0.19534	0.072097	0.20668	-0.022478	0.21248	0.16557	0.021137	0.25891	0.094618	0.20812	0.25182	0.23068	0.098749	0.21629	0.12663	0.075036	-0.11236	0.067498	0.05366	0.22211	0.13106	0.67849	1	0.28802	0.35604	-0.059063	0.040988	-0.1055	-0.056563	-0.16239	-0.24329	-0.024764	-0.1627	0.01728	-0.13898	0.097595	0.066034	0.22316	0.21439	0.24073	0.17556	0.4955	0.14479	0.1574	0.34757	0.36491	0.28099	-0.11336	-0.1578	-0.045337	-0.028822	-0.13001	-0.24384	-0.0056231	0.16291	-0.028809	-0.024307	0.063657	-0.0095747	-0.26703	-0.29145	0.1539	-0.012479	0.03611	-0.054872	-0.27129	-0.11799	-0.15219	-0.14644	-0.15691	0.034807	-0.20759	-0.16584	
 SMG_L 	0.097316	0.1513	-0.086662	0.02247	0.15943	-0.11384	0.52081	0.63349	0.62401	0.64845	0.63948	0.51744	0.38924	0.3846	0.47099	0.63821	0.20337	-0.033866	0.23032	0.06264	-0.050503	-0.12194	-0.35345	-0.44065	0.15729	-0.052423	0.5551	0.28802	1	0.67404	0.31391	0.43792	0.1309	0.1268	-0.11227	-0.18916	0.014478	0.080804	0.30108	0.10893	0.25082	0.14585	0.41835	0.3551	0.31727	0.26313	0.34402	-0.32346	0.14187	0.34187	0.64117	0.45499	-0.47027	-0.45459	-0.38044	-0.40955	-0.24246	-0.15157	0.15633	0.097536	0.025532	-0.06614	-0.1359	-0.20795	-0.21508	-0.11098	-0.020686	-0.18725	-0.044371	0.11445	0.083137	0.12603	-0.093008	-0.26189	0.083294	0.10557	-0.14005	-0.14025	
 SMG_R 	-0.094794	0.10079	-0.32302	-0.32446	-0.18743	-0.45639	0.16249	0.27857	0.31468	0.29865	0.31544	0.19879	0.2012	0.17242	0.24326	0.38458	0.0048311	-0.16085	0.022495	-0.15874	-0.18769	-0.27427	-0.076022	-0.034719	0.16223	0.2395	0.42924	0.35604	0.67404	1	-0.12474	-0.030472	0.02026	0.19347	0.15463	0.13961	-0.0029522	0.16667	0.066226	0.019928	0.045569	-0.013612	0.18984	0.17161	0.18678	0.20117	0.30491	-0.011128	-0.0021046	0.22476	0.39298	0.22482	-0.17195	-0.19299	-0.12712	-0.16537	-0.43193	-0.36474	0.14339	0.10134	-0.20074	-0.10905	-0.066937	0.045722	-0.46767	-0.38767	0.13128	0.12519	-0.047493	0.0040606	0.032104	-0.067696	-0.12235	-0.15924	0.093408	0.14292	-0.20256	-0.24797	
 AG_L 	0.58229	0.4153	0.70154	0.68403	0.61957	0.63263	0.78212	0.60657	0.35802	0.43232	0.41551	0.49085	0.59134	0.41342	0.43007	0.35404	0.51004	0.28709	0.44055	0.45462	0.31656	0.35841	-0.26505	-0.43265	0.064145	-0.14293	0.11699	-0.059063	0.31391	-0.12474	1	0.77871	0.0034086	-0.23434	-0.29484	-0.27221	0.12379	0.070254	0.68608	0.38592	0.53286	0.46076	0.75683	0.65812	0.13024	0.036255	0.061453	-0.46422	0.25815	0.11047	0.36655	0.34945	-0.43488	-0.36041	-0.42091	-0.39252	0.36643	0.34917	0.091895	0.11008	0.40199	0.20466	-0.0007473	-0.20418	0.49901	0.49262	-0.23613	-0.26277	-0.027339	0.30189	-0.028107	0.16206	-0.10499	-0.02383	0.052185	0.077932	0.11706	0.18641	
 AG_R 	0.22563	0.18056	0.36407	0.50765	0.59293	0.40158	0.70259	0.80422	0.45911	0.74081	0.4574	0.56366	0.5554	0.48733	0.37766	0.46778	0.3616	0.34063	0.52576	0.5567	0.28466	0.37852	-0.21719	-0.52565	-0.0028927	-0.34726	0.34517	0.040988	0.43792	-0.030472	0.77871	1	0.14477	-0.10854	-0.42403	-0.48012	-0.084225	-0.16167	0.44566	0.14523	0.30856	0.21698	0.48685	0.48348	0.18983	0.08562	0.28014	-0.4108	0.33776	0.31655	0.51634	0.39251	-0.44099	-0.37747	-0.39927	-0.383	0.11118	0.26082	0.19145	0.12534	0.27032	0.078314	-0.22103	-0.43031	0.39493	0.43495	-0.18155	-0.2904	-0.07592	0.17249	0.095267	0.16945	-0.11404	-0.090111	-0.026538	0.088441	0.21334	0.1662	
 PrCu_L 	-0.12148	-0.16324	-0.24342	-0.085702	0.0095856	-0.093239	-0.005075	0.092946	0.19619	0.20557	0.027777	0.12329	-0.13241	0.10297	-0.1726	-0.034402	-0.13117	0.055932	0.01679	0.088255	-0.095689	-0.052574	-0.31008	-0.21294	-0.28453	-0.32525	0.17585	-0.1055	0.1309	0.02026	0.0034086	0.14477	1	0.83416	0.088755	0.042732	-0.058205	-0.018198	-0.03561	0.043481	-0.10234	-0.19462	-0.23467	-0.17214	0.10404	0.14962	0.19648	0.21331	0.38566	0.25393	0.13711	0.214	0.25084	0.27015	0.25274	0.22276	-0.075093	-0.06723	-0.14933	-0.014901	-0.21873	-0.27984	-0.080254	-0.14616	0.42456	0.442	-0.056093	0.072275	0.22309	0.16068	0.021008	-0.2003	0.21093	0.18041	0.067489	-0.15	0.082692	0.060872	
 PrCu_R 	-0.17986	-0.14292	-0.38413	-0.22571	-0.16675	-0.20629	-0.23288	-0.052944	0.093505	0.047282	-0.01036	0.076933	-0.25389	0.037728	-0.20936	-0.050838	-0.30446	-0.13964	-0.25658	-0.20512	-0.27151	-0.27764	-0.25306	-0.086159	-0.19783	-0.17222	0.074214	-0.056563	0.1268	0.19347	-0.23434	-0.10854	0.83416	1	0.11173	0.063797	-0.0026291	0.12845	-0.2117	-0.082195	-0.16185	-0.29077	-0.34745	-0.30106	0.05162	0.126	0.083485	0.22991	0.16444	0.14977	0.013198	0.069733	0.23324	0.23185	0.23523	0.18656	-0.18908	-0.16648	-0.19891	-0.079261	-0.42523	-0.39457	-0.089812	-0.02249	0.15557	0.27192	0.030582	0.15145	0.13783	0.035768	0.014157	-0.24141	0.20669	0.092997	-0.02695	-0.12929	0.10132	0.028395	
 STG_L 	-0.19099	-0.12273	-0.066421	-0.11588	-0.11866	-0.091513	-0.27908	-0.43693	-0.23089	-0.3038	-0.29253	-0.43254	-0.19018	-0.29564	-0.14184	-0.21878	-0.10039	-0.044079	-0.16408	-0.19803	-0.037619	-0.12758	0.31809	0.28557	0.019751	0.16867	-0.23495	-0.16239	-0.11227	0.15463	-0.29484	-0.42403	0.088755	0.11173	1	0.93967	0.33671	0.36273	0.24573	0.53117	-0.19168	0.042029	-0.07267	0.047099	-0.11293	-0.067927	-0.17007	0.40739	-0.012325	-0.14364	-0.34942	-0.085249	0.53338	0.49953	0.4709	0.41407	0.016914	-0.046732	0.0088244	-0.028937	-0.12551	-0.053316	0.19258	0.20713	0.023308	-0.099472	0.27958	0.30286	0.29077	0.17953	-0.032125	-0.037367	-0.00015972	0.078661	0.054288	0.018146	-0.25921	0.032845	
 STG_R 	-0.10286	-0.042657	-0.017641	-0.098618	-0.2242	-0.059222	-0.26784	-0.48598	-0.22048	-0.38933	-0.29567	-0.425	-0.20148	-0.30754	-0.13601	-0.30669	-0.16849	-0.10504	-0.24604	-0.27147	-0.1148	-0.15878	0.27147	0.27542	0.012583	0.23982	-0.30405	-0.24329	-0.18916	0.13961	-0.27221	-0.48012	0.042732	0.063797	0.93967	1	0.31371	0.39979	0.25649	0.58131	-0.17918	0.064492	-0.08605	0.011265	-0.17772	-0.12572	-0.26334	0.37306	-0.015712	-0.20955	-0.41923	-0.13215	0.53161	0.5066	0.47299	0.42646	0.013886	-0.06297	-0.071234	-0.075186	-0.12239	-0.059185	0.18978	0.25845	0.044465	-0.061289	0.23154	0.37395	0.27986	0.18574	-0.0047774	-0.057502	0.060376	0.181	0.14068	0.050501	-0.23556	0.034748	
 STG_L_pole 	0.15883	0.041942	0.27748	0.18403	0.15552	0.14971	0.003482	-0.18319	-0.27729	-0.3065	-0.036601	0.00090815	0.1116	0.033423	0.15926	-0.019338	0.24095	0.02475	-0.14578	-0.10305	0.18501	0.081224	-0.021987	0.043403	0.12556	0.047954	-0.043253	-0.024764	0.014478	-0.0029522	0.12379	-0.084225	-0.058205	-0.0026291	0.33671	0.31371	1	0.73576	0.3961	0.40915	0.47433	0.49572	0.36947	0.31605	0.19328	0.13215	-0.10524	0.039522	-0.059399	-0.090691	-0.018409	-0.000304	0.0035371	-0.029749	0.015577	0.019268	0.23227	0.24482	0.03449	-0.14218	-0.10011	-0.19603	0.25096	0.25218	0.042083	0.14578	0.072821	0.067367	0.024255	0.22276	-0.31995	-0.24489	-0.065567	-0.040309	-0.1885	-0.0062528	-0.35916	-0.14068	
 STG_R_pole 	0.27623	0.19628	0.17776	0.13363	0.051983	0.1315	0.056224	-0.11473	-0.12924	-0.27897	0.14964	0.077952	0.11025	0.13195	0.25131	-0.027071	-0.046148	-0.060089	-0.14754	-0.16511	0.13023	0.079404	-0.062025	0.096484	0.19457	0.21647	-0.16366	-0.1627	0.080804	0.16667	0.070254	-0.16167	-0.018198	0.12845	0.36273	0.39979	0.73576	1	0.27297	0.30299	0.2723	0.26205	0.19749	0.12747	-0.074271	-0.10665	-0.24587	-0.096914	-0.2553	-0.28566	-0.18806	-0.22565	-0.049342	-0.11532	-0.028397	-0.078947	0.19807	0.29489	0.091815	0.042101	-0.22145	-0.26441	0.26416	0.34789	-0.019413	0.08539	0.23386	0.32579	-0.20907	-0.070555	-0.3199	-0.23461	-0.10006	-0.018833	-0.12197	-0.10637	-0.17424	-0.074418	
 MTG_L 	0.35943	0.32028	0.59789	0.54178	0.39276	0.4395	0.63854	0.36677	0.18797	0.22869	0.26389	0.30381	0.49823	0.28054	0.45028	0.28159	0.4998	0.1974	0.358	0.33469	0.25982	0.22144	-0.1778	-0.3654	0.064295	-0.095621	0.19521	0.01728	0.30108	0.066226	0.68608	0.44566	-0.03561	-0.2117	0.24573	0.25649	0.3961	0.27297	1	0.84789	0.53491	0.62663	0.74244	0.71736	0.1674	0.097999	0.13186	-0.18684	0.33242	0.16382	0.30926	0.44653	-0.16682	-0.092497	-0.14055	-0.12783	0.32376	0.22193	0.085578	0.087392	0.33403	0.15304	0.064749	-0.059008	0.40472	0.3408	-0.12046	-0.15836	0.18892	0.41623	-0.12408	-0.043534	-0.091626	0.054363	0.0030168	-0.040246	-0.17408	0.049941	
 MTG_R 	0.24424	0.2801	0.48015	0.45553	0.097617	0.40133	0.28243	0.012172	0.065477	-0.045894	-0.035188	-0.020111	0.17054	0.011538	0.1332	-0.0046649	0.28149	0.026727	0.070357	0.078001	0.040188	-0.0090865	-0.024038	-0.23875	0.032644	-0.058265	0.038408	-0.13898	0.10893	0.019928	0.38592	0.14523	0.043481	-0.082195	0.53117	0.58131	0.40915	0.30299	0.84789	1	0.36074	0.55847	0.45126	0.54838	-0.024808	-0.01015	-0.11903	0.013906	0.25033	-0.007811	0.021434	0.33187	0.10576	0.15396	0.093368	0.087312	0.26739	0.13513	-0.012293	0.042732	0.13031	0.0081355	0.037828	-0.0048622	0.4075	0.28665	-0.054752	-0.023856	0.28517	0.40193	-0.049126	-0.0821	0.030076	0.18351	0.12535	0.027349	-0.17746	0.10642	
 MTG_L_pole 	0.25745	0.20433	0.49137	0.35453	0.25746	0.27847	0.43466	0.30751	0.0034688	0.11124	0.097088	0.26998	0.36497	0.28524	0.34541	0.22947	0.47871	0.069681	0.10705	0.21123	0.21997	0.14155	-0.2101	-0.38108	-0.029156	-0.20113	0.24705	0.097595	0.25082	0.045569	0.53286	0.30856	-0.10234	-0.16185	-0.19168	-0.17918	0.47433	0.2723	0.53491	0.36074	1	0.81302	0.67233	0.66863	0.29989	0.30345	0.087581	-0.094879	0.11246	0.20729	0.28322	0.32177	-0.22745	-0.19406	-0.16032	-0.1084	0.2169	0.21569	0.11579	0.15114	0.24707	0.15648	-0.0058939	-0.04374	0.10306	0.16257	-0.10278	-0.16601	0.018877	0.28161	-0.18828	-0.26373	-0.0014322	-0.010784	0.13688	-0.021427	-0.31257	-0.16972	
 MTG_R_pole 	0.22962	0.22658	0.51952	0.40896	0.19861	0.33323	0.36108	0.20168	-0.077494	0.0013624	0.0010352	0.23607	0.34465	0.29397	0.3477	0.24763	0.48936	0.14192	0.18133	0.23776	0.21293	0.22518	-0.044238	-0.30987	0.025876	-0.11622	0.15392	0.066034	0.14585	-0.013612	0.46076	0.21698	-0.19462	-0.29077	0.042029	0.064492	0.49572	0.26205	0.62663	0.55847	0.81302	1	0.65656	0.73773	0.24861	0.25691	-0.011927	-0.021892	0.12384	0.12954	0.16227	0.34628	-0.081066	-0.085604	-0.067319	-0.02449	0.16516	0.20192	0.11291	0.091237	0.36851	0.20395	-0.0052514	-0.078616	0.12158	0.11935	-0.172	-0.24436	-0.034601	0.23221	-0.19252	-0.20241	-0.0056066	0.0058767	0.16762	0.024287	-0.30738	-0.15741	
 ITG_L 	0.34777	0.29551	0.56384	0.41616	0.48047	0.34738	0.65014	0.47623	0.19007	0.31074	0.28066	0.33624	0.55695	0.31567	0.414	0.3642	0.6232	0.19932	0.35929	0.32694	0.28925	0.22962	-0.1993	-0.30784	0.065621	-0.024514	0.26301	0.22316	0.41835	0.18984	0.75683	0.48685	-0.23467	-0.34745	-0.07267	-0.08605	0.36947	0.19749	0.74244	0.45126	0.67233	0.65656	1	0.84229	0.32711	0.24168	0.20488	-0.26325	0.23001	0.23551	0.47226	0.46332	-0.34302	-0.30563	-0.31558	-0.28981	0.20405	0.11891	0.15761	0.14977	0.39763	0.27818	0.05623	-0.064604	0.15646	0.14261	-0.17397	-0.28303	0.038986	0.35555	-0.17904	0.031301	-0.13837	-0.12928	-0.028547	0.13793	-0.17457	0.0091261	
 ITG_R 	0.26396	0.26669	0.58288	0.48285	0.39878	0.41712	0.53617	0.44532	0.12534	0.29091	0.1305	0.26569	0.482	0.30346	0.36052	0.41031	0.59182	0.22912	0.34728	0.35593	0.25485	0.24696	0.098549	-0.27132	0.17794	-0.039933	0.32684	0.21439	0.3551	0.17161	0.65812	0.48348	-0.17214	-0.30106	0.047099	0.011265	0.31605	0.12747	0.71736	0.54838	0.66863	0.73773	0.84229	1	0.26769	0.2268	0.181	-0.090747	0.2614	0.22327	0.38666	0.50387	-0.13398	-0.095258	-0.1663	-0.13223	0.13844	0.16002	0.17217	0.11345	0.34958	0.18593	-0.077908	-0.21516	0.24099	0.16021	-0.059539	-0.20501	0.14271	0.42139	-0.17599	-0.13371	-0.072446	-0.060298	0.057059	0.14654	-0.18236	-0.033278	
 FuG_L 	-0.32503	-0.29414	-0.19322	-0.2009	0.21118	-0.27239	0.32106	0.36221	0.035224	0.27022	0.15279	0.39712	0.25158	0.21052	0.27604	0.41038	0.31252	0.21473	0.30877	0.27263	0.17616	0.19542	-0.33461	-0.3766	-0.31293	-0.24	0.45763	0.24073	0.31727	0.18678	0.13024	0.18983	0.10404	0.05162	-0.11293	-0.17772	0.19328	-0.074271	0.1674	-0.024808	0.29989	0.24861	0.32711	0.26769	1	0.92442	0.74197	0.27384	0.50973	0.76893	0.71519	0.61365	-0.0020444	0.047343	0.13554	0.2295	-0.27704	-0.17627	-0.09696	-0.14988	0.20372	0.26049	-0.12661	-0.20294	-0.12069	-0.037331	-0.1476	-0.25606	0.36351	0.35311	0.13357	-0.15576	-0.1322	-0.15929	-0.17178	-0.048738	-0.39866	-0.32786	
 FuG_R 	-0.38716	-0.33882	-0.23667	-0.294	0.089241	-0.34972	0.24811	0.30876	0.075689	0.25127	0.0078478	0.34781	0.15707	0.2183	0.1606	0.37812	0.32565	0.19224	0.23465	0.22903	0.045688	0.090442	-0.32484	-0.39164	-0.42377	-0.26449	0.44806	0.17556	0.26313	0.20117	0.036255	0.08562	0.14962	0.126	-0.067927	-0.12572	0.13215	-0.10665	0.097999	-0.01015	0.30345	0.25691	0.24168	0.2268	0.92442	1	0.66475	0.35386	0.5172	0.79624	0.64891	0.654	0.064267	0.12492	0.20726	0.31252	-0.37624	-0.28573	-0.10609	-0.10531	0.13675	0.25965	-0.25089	-0.23225	-0.15364	-0.066697	-0.25437	-0.31954	0.44436	0.4148	0.23781	-0.2109	-0.0047889	-0.14629	-0.11116	-0.0088164	-0.38915	-0.35431	
 SOG_L 	-0.40801	-0.2877	-0.29058	-0.28531	0.15927	-0.38209	0.32614	0.47405	0.046623	0.45283	0.20692	0.37723	0.31303	0.2583	0.28243	0.4341	0.24159	0.27957	0.43188	0.42782	0.17701	0.17156	-0.18946	-0.35696	-0.19643	-0.2746	0.68386	0.4955	0.34402	0.30491	0.061453	0.28014	0.19648	0.083485	-0.17007	-0.26334	-0.10524	-0.24587	0.13186	-0.11903	0.087581	-0.011927	0.20488	0.181	0.74197	0.66475	1	0.31945	0.54086	0.79652	0.73381	0.55229	0.046386	0.079368	0.17594	0.21032	-0.29028	-0.22508	0.074648	0.011991	0.20485	0.25898	-0.14393	-0.24934	-0.083605	-0.12315	0.010257	-0.14258	0.31499	0.21221	0.049364	-0.11833	-0.15076	-0.15364	-0.26263	-0.14997	-0.27489	-0.23337	
 SOG_R 	-0.63495	-0.44638	-0.29082	-0.38774	-0.13945	-0.33434	-0.4715	-0.37702	-0.46696	-0.23826	-0.60277	-0.35097	-0.31326	-0.14512	-0.3652	-0.19465	-0.17314	0.11837	-0.17077	-0.034525	0.032401	-0.0014626	0.22755	0.050269	-0.37499	-0.19859	0.086352	0.14479	-0.32346	-0.011128	-0.46422	-0.4108	0.21331	0.22991	0.40739	0.37306	0.039522	-0.096914	-0.18684	0.013906	-0.094879	-0.021892	-0.26325	-0.090747	0.27384	0.35386	0.31945	1	0.32612	0.34106	-0.16708	0.094651	0.81659	0.81258	0.81509	0.84397	-0.15314	-0.11512	-0.065952	0.011244	-0.050547	0.096548	-0.11952	-0.029597	-0.0089876	-0.18366	0.15762	0.19422	0.44468	0.17776	0.018232	-0.27975	0.32444	0.19098	0.024295	0.006582	-0.41817	-0.30161	
 MOG_L 	-0.24591	-0.15997	0.025626	0.025191	0.25746	0.021061	0.3238	0.34108	0.29823	0.45183	-0.024672	0.26294	0.26745	0.33816	0.044829	0.2837	0.32992	0.3898	0.32931	0.45087	0.026785	0.15919	-0.25449	-0.47568	-0.39178	-0.37213	0.45918	0.1574	0.14187	-0.0021046	0.25815	0.33776	0.38566	0.16444	-0.012325	-0.015712	-0.059399	-0.2553	0.33242	0.25033	0.11246	0.12384	0.23001	0.2614	0.50973	0.5172	0.54086	0.32612	1	0.7617	0.54586	0.70462	0.21459	0.25945	0.28636	0.31023	-0.17948	-0.20074	-0.17901	0.061276	0.16124	0.20329	-0.38259	-0.47546	0.25096	0.19384	-0.2318	-0.15903	0.58598	0.5499	0.089251	-0.075839	0.21417	0.2102	-0.057849	0.069478	-0.1539	-0.075937	
 MOG_R 	-0.47531	-0.3309	-0.26392	-0.30966	0.1189	-0.37262	0.33152	0.48673	0.18815	0.54362	0.084037	0.38245	0.26024	0.33647	0.2013	0.42879	0.26648	0.25775	0.33218	0.40087	-0.032496	0.021227	-0.3691	-0.59559	-0.47236	-0.43038	0.6612	0.34757	0.34187	0.22476	0.11047	0.31655	0.25393	0.14977	-0.14364	-0.20955	-0.090691	-0.28566	0.16382	-0.007811	0.20729	0.12954	0.23551	0.22327	0.76893	0.79624	0.79652	0.34106	0.7617	1	0.74329	0.76629	0.03284	0.083464	0.19012	0.2482	-0.42608	-0.35285	-0.081016	3.9356e-07	0.17594	0.29253	-0.37727	-0.43411	-0.1063	-0.068799	-0.25041	-0.28143	0.44396	0.39581	0.19041	-0.13799	0.064267	-0.0081687	-0.068496	0.033507	-0.29126	-0.19824	
 IOG_L 	-0.060868	-0.063002	-0.083687	-0.056734	0.19142	-0.17055	0.58167	0.67603	0.45629	0.62147	0.45448	0.55367	0.40994	0.37356	0.36184	0.56861	0.42437	0.17587	0.45543	0.37828	0.057722	0.081633	-0.44517	-0.52335	-0.10921	-0.2433	0.73126	0.36491	0.64117	0.39298	0.36655	0.51634	0.13711	0.013198	-0.34942	-0.41923	-0.018409	-0.18806	0.30926	0.021434	0.28322	0.16227	0.47226	0.38666	0.71519	0.64891	0.73381	-0.16708	0.54586	0.74329	1	0.77437	-0.42663	-0.37903	-0.32008	-0.27044	-0.26523	-0.23652	0.049504	0.012535	0.17053	0.1928	-0.27299	-0.39519	-0.10719	-0.062206	-0.26323	-0.39103	0.2082	0.33512	0.12935	0.012853	-0.16159	-0.14335	-0.12195	0.023046	-0.14698	-0.13169	
 IOG_R 	-0.11409	-0.034691	0.060576	0.016653	0.17227	-0.055382	0.48805	0.51489	0.41375	0.51305	0.1576	0.40277	0.30896	0.32241	0.2024	0.44249	0.47994	0.23638	0.40783	0.40384	-0.041169	0.020594	-0.32788	-0.56209	-0.20963	-0.26804	0.64893	0.28099	0.45499	0.22482	0.34945	0.39251	0.214	0.069733	-0.085249	-0.13215	-0.000304	-0.22565	0.44653	0.33187	0.32177	0.34628	0.46332	0.50387	0.61365	0.654	0.55229	0.094651	0.70462	0.76629	0.77437	1	-0.093078	-0.027857	-0.049398	0.0087605	-0.25555	-0.29316	-0.11001	0.023214	0.18074	0.20498	-0.38128	-0.45638	0.087424	0.048229	-0.38682	-0.44763	0.39929	0.56715	0.17456	-0.093535	0.066806	0.0036701	0.098886	0.032771	-0.19399	-0.10818	
 Cu_L 	-0.49303	-0.44785	-0.17622	-0.28556	-0.087952	-0.15932	-0.50589	-0.51291	-0.48455	-0.3589	-0.60231	-0.46101	-0.28909	-0.25485	-0.37435	-0.3394	-0.1772	0.13566	-0.15616	-0.055137	0.050545	0.077013	0.41067	0.25522	-0.2114	-0.097668	-0.27729	-0.11336	-0.47027	-0.17195	-0.43488	-0.44099	0.25084	0.23324	0.53338	0.53161	0.0035371	-0.049342	-0.16682	0.10576	-0.22745	-0.081066	-0.34302	-0.13398	-0.0020444	0.064267	0.046386	0.81659	0.21459	0.03284	-0.42663	-0.093078	1	0.9445	0.92881	0.88059	-0.048181	-0.090651	-0.14538	-0.10956	-0.0060792	0.049875	0.019703	-0.019273	0.2424	0.026396	0.27397	0.2336	0.39698	0.1945	-0.034077	-0.21386	0.2394	0.18096	-0.044833	-0.069629	-0.20291	-0.027685	
 Cu_R 	-0.47113	-0.41629	-0.13499	-0.21952	-0.052678	-0.12713	-0.42739	-0.44565	-0.41943	-0.32017	-0.57845	-0.39049	-0.25576	-0.23406	-0.35022	-0.31529	-0.16579	0.097761	-0.13389	-0.048372	0.04713	0.083738	0.35673	0.22311	-0.26052	-0.11154	-0.24986	-0.1578	-0.45459	-0.19299	-0.36041	-0.37747	0.27015	0.23185	0.49953	0.5066	-0.029749	-0.11532	-0.092497	0.15396	-0.19406	-0.085604	-0.30563	-0.095258	0.047343	0.12492	0.079368	0.81258	0.25945	0.083464	-0.37903	-0.027857	0.9445	1	0.8929	0.91577	-0.029635	-0.053695	-0.14627	-0.16023	0.0019856	0.079636	-0.048165	-0.025781	0.32083	0.10654	0.21197	0.23755	0.51385	0.30752	0.053652	-0.24794	0.30447	0.22586	0.0063651	0.018089	-0.22092	-0.10547	
 LG_L 	-0.53316	-0.44339	-0.23598	-0.34771	-0.1192	-0.23867	-0.43636	-0.40339	-0.47244	-0.26656	-0.54697	-0.36245	-0.21351	-0.18458	-0.29458	-0.26765	-0.17693	0.11734	-0.15487	-0.031972	-0.0065532	0.018963	0.27708	0.13135	-0.31944	-0.16762	-0.17596	-0.045337	-0.38044	-0.12712	-0.42091	-0.39927	0.25274	0.23523	0.4709	0.47299	0.015577	-0.028397	-0.14055	0.093368	-0.16032	-0.067319	-0.31558	-0.1663	0.13554	0.20726	0.17594	0.81509	0.28636	0.19012	-0.32008	-0.049398	0.92881	0.8929	1	0.94839	-0.14509	-0.15775	-0.19153	-0.12648	-0.027604	0.077035	0.028348	-0.0081186	0.16899	0.018689	0.31573	0.28037	0.44821	0.16273	0.023556	-0.24336	0.18008	0.12394	-0.15098	-0.094883	-0.28782	-0.067446	
 LG_R 	-0.53291	-0.4216	-0.22498	-0.32739	-0.096028	-0.2469	-0.38842	-0.38663	-0.45591	-0.29128	-0.56208	-0.33762	-0.19616	-0.20726	-0.28581	-0.28604	-0.13904	0.066191	-0.12896	-0.038174	0.028933	0.061893	0.2493	0.14059	-0.34845	-0.15694	-0.13281	-0.028822	-0.40955	-0.16537	-0.39252	-0.383	0.22276	0.18656	0.41407	0.42646	0.019268	-0.078947	-0.12783	0.087312	-0.1084	-0.02449	-0.28981	-0.13223	0.2295	0.31252	0.21032	0.84397	0.31023	0.2482	-0.27044	0.0087605	0.88059	0.91577	0.94839	1	-0.12838	-0.11577	-0.20022	-0.17582	-0.0042869	0.094	0.014509	0.029676	0.19098	0.05438	0.24716	0.23384	0.51001	0.24452	0.057858	-0.30906	0.22457	0.14366	-0.075224	-0.016669	-0.34031	-0.20074	
 rostral_ACC_L 	0.40256	0.18244	0.70045	0.65773	0.46758	0.64834	0.1191	-0.12718	-0.15357	-0.22502	0.010419	-0.049422	0.078582	-0.040613	0.052959	-0.17373	0.19521	0.14745	0.0535	0.077712	0.6593	0.45674	0.085445	0.20547	0.15536	0.089583	-0.28971	-0.13001	-0.24246	-0.43193	0.36643	0.11118	-0.075093	-0.18908	0.016914	0.013886	0.23227	0.19807	0.32376	0.26739	0.2169	0.16516	0.20405	0.13844	-0.27704	-0.37624	-0.29028	-0.15314	-0.17948	-0.42608	-0.26523	-0.25555	-0.048181	-0.029635	-0.14509	-0.12838	1	0.77112	0.21489	0.23579	0.17131	0.0033621	0.34471	0.26678	0.55744	0.40073	0.11081	0.049905	-0.12836	-0.10671	-0.3213	0.015317	-0.09157	0.038475	-0.12368	-0.14484	-0.082722	-0.021478	
 rostral_ACC_R 	0.32055	0.17331	0.58304	0.66267	0.45401	0.63088	0.17475	0.068477	-0.12174	-0.13304	0.053224	0.16476	0.11466	0.1529	0.141	-0.03501	0.013641	0.099807	0.011772	0.11386	0.66233	0.58388	0.078571	0.057596	0.10355	-0.032414	-0.18924	-0.24384	-0.15157	-0.36474	0.34917	0.26082	-0.06723	-0.16648	-0.046732	-0.06297	0.24482	0.29489	0.22193	0.13513	0.21569	0.20192	0.11891	0.16002	-0.17627	-0.28573	-0.22508	-0.11512	-0.20074	-0.35285	-0.23652	-0.29316	-0.090651	-0.053695	-0.15775	-0.11577	0.77112	1	0.36241	0.24806	0.10487	-0.085026	0.12028	0.17014	0.44483	0.36374	0.12354	0.085002	-0.2504	-0.17663	-0.21613	-0.057532	-0.11815	-0.015524	-0.057736	-0.10714	-0.10003	-0.1712	
