	 SFG_L 	 SFG_R 	 SFG_PFC_L 	 SFG_PFC_R 	 SFG_pole_L 	 SFG_pole_R 	 MFG_L 	 MFG_R 	 MFG_DPFC_L 	 MFG_DPFC_R 	 IFG_opercularis_L 	 IFG_opercularis_R 	 IFG_orbitalis_L 	 IFG_orbitalis_R 	 IFG_triangularis_L 	 IFG_triangularis_R 	 LFOG_L 	 LFOG_R 	 MFOG_L 	 MFOG_R 	 RG_L 	 RG_R 	 PoCG_L 	 PoCG_R 	 PrCG_L 	 PrCG_R 	 SPG_L 	 SPG_R 	 SMG_L 	 SMG_R 	 AG_L 	 AG_R 	 PrCu_L 	 PrCu_R 	 STG_L 	 STG_R 	 STG_L_pole 	 STG_R_pole 	 MTG_L 	 MTG_R 	 MTG_L_pole 	 MTG_R_pole 	 ITG_L 	 ITG_R 	 FuG_L 	 FuG_R 	 SOG_L 	 SOG_R 	 MOG_L 	 MOG_R 	 IOG_L 	 IOG_R 	 Cu_L 	 Cu_R 	 LG_L 	 LG_R 	 rostral_ACC_L 	 rostral_ACC_R 	 subcallosal_ACC_L 	 subcallosal_ACC_R 	 subgenual_ACC_L 	 subgenual_ACC_R 	 dorsal_ACC_L 	 dorsal_ACC_R 	 PCC_L 	 PCC_R 	 Insula_L 	 Insula_R 	 CerebellumGM_L 	 CerebellumGM_R 	 Caud_L 	 Caud_R 	 Put_L 	 Put_R 	 GP_L 	 GP_R 	 Thalamus_L 	 Thalamus_R 	
 SFG_L 	1	0.6336	0.66729	0.44204	0.30041	0.26044	0.57455	0.41268	0.66483	0.43765	0.37616	-0.24795	0.373	0.17401	0.60199	0.15694	0.29352	0.10696	0.25365	0.075153	0.27983	0.30597	0.28739	0.33799	0.46655	0.37722	0.10583	0.20268	0.1482	0.036255	0.4018	0.19934	0.35568	0.14322	0.086782	0.039949	0.1033	-0.16126	0.45909	0.18388	0.17211	0.12934	0.24198	0.12132	0.014882	0.0078552	0.11047	0.085644	0.16287	0.18077	0.18593	0.21889	0.21833	0.18131	0.1478	0.15475	0.27461	0.23775	0.13365	0.198	0.10152	-0.009766	0.42936	0.35144	0.23101	0.068645	0.1239	-0.039124	0.44948	0.53598	0.44207	0.3877	0.45625	0.1731	0.098618	-0.14929	0.40094	0.18542	
 SFG_R 	0.6336	1	0.58157	0.6117	0.21551	0.43508	0.31182	0.60379	0.67962	0.67599	0.014829	-0.049777	0.14084	0.29035	0.26657	0.44067	0.43178	0.1713	0.2979	0.24989	0.22107	0.34652	0.42	0.52978	0.45007	0.62817	0.25938	0.40067	0.14393	0.36795	0.27586	0.46859	0.54755	0.53393	0.351	0.25303	0.16819	-0.049601	0.40064	0.41174	0.23635	0.18853	0.12607	0.27036	0.051744	0.077314	0.14568	0.14645	0.23934	0.25101	0.23458	0.27325	0.27161	0.25062	0.14963	0.1788	0.4766	0.41305	-0.11445	0.015202	0.15787	0.14803	0.6462	0.6236	0.29212	0.33761	0.43153	0.31186	0.60433	0.48544	0.52329	0.41387	0.63424	0.3475	0.22361	0.14209	0.39189	0.50809	
 SFG_PFC_L 	0.66729	0.58157	1	0.81516	0.71863	0.73511	0.63311	0.48305	0.54989	0.35587	0.17376	-0.26509	0.34458	0.20931	0.41152	0.27111	0.47187	0.39879	0.4516	0.351	0.49354	0.55167	0.33244	0.23613	0.24699	0.16884	-0.068428	0.052731	-0.068726	-0.13804	0.59904	0.41629	0.58601	0.18954	0.028602	-0.037946	0.16728	-0.029335	0.5629	0.35066	0.42367	0.36882	0.37324	0.33749	0.052156	-0.016975	-0.057499	-0.076601	0.13535	0.12332	0.13687	0.16398	0.10251	0.056223	0.0084452	-0.00042287	0.63204	0.42424	0.017598	0.11106	0.27228	0.31955	0.47731	0.37646	0.63733	0.46323	0.055085	-0.094029	0.44313	0.43773	0.41534	0.42597	0.41591	0.14513	0.10976	0.0067624	0.46951	0.33791	
 SFG_PFC_R 	0.44204	0.6117	0.81516	1	0.68888	0.84126	0.53712	0.64066	0.40357	0.38388	-0.0040879	-0.23835	0.13248	0.26752	0.21581	0.32565	0.34635	0.47168	0.45872	0.37805	0.43175	0.59574	0.25741	0.12715	0.13765	0.10544	-0.17746	-0.040416	-0.20235	-0.14835	0.55948	0.60178	0.6826	0.27007	0.042587	-0.077463	0.084276	-0.025034	0.55156	0.47221	0.42829	0.35104	0.3073	0.3559	-0.0094621	-0.12312	-0.18914	-0.17889	-0.001184	-0.024826	0.021395	-0.0049894	-0.023082	-0.089992	-0.14709	-0.13619	0.63021	0.46531	-0.10679	0.023877	0.28256	0.5382	0.40583	0.29183	0.7253	0.65958	0.12727	-0.040896	0.37015	0.25335	0.33953	0.35773	0.40684	0.080576	0.0066791	0.16828	0.3413	0.36258	
 SFG_pole_L 	0.30041	0.21551	0.71863	0.68888	1	0.84235	0.60662	0.39517	0.35258	0.086999	0.18879	-0.2829	0.17328	-0.01987	0.20688	0.022322	0.21777	0.31609	0.46188	0.32854	0.43483	0.4748	0.26418	0.068048	0.056984	-0.12199	-0.22261	-0.21579	-0.16721	-0.30707	0.58232	0.32396	0.46144	0.01464	-0.17862	-0.14596	0.072201	-0.024516	0.34895	0.17763	0.3203	0.30326	0.43809	0.29195	0.11463	-0.05555	-0.21365	-0.28776	-0.0021233	-0.032949	-0.020276	-0.0092593	-0.088169	-0.12943	-0.11323	-0.14347	0.45508	0.29141	0.061327	0.075652	0.19636	0.4015	0.18853	0.079318	0.67199	0.50656	-0.10955	-0.24126	0.22412	0.27669	0.14509	0.26496	0.13003	-0.11481	0.072282	0.11395	0.35272	0.043357	
 SFG_pole_R 	0.26044	0.43508	0.73511	0.84126	0.84235	1	0.49815	0.59099	0.39874	0.26768	0.030801	-0.12732	0.13958	0.16087	0.15054	0.19861	0.3299	0.37566	0.41615	0.40018	0.44768	0.53343	0.28296	0.11834	0.052419	0.022823	-0.16883	-0.076066	-0.15104	-0.12985	0.61721	0.57507	0.61913	0.24428	-0.063591	-0.090614	0.093371	0.026141	0.37496	0.29696	0.34502	0.32335	0.34328	0.38731	0.12191	-0.051769	-0.15283	-0.1667	0.065808	0.025426	0.063935	0.043932	-0.018721	-0.080931	-0.10634	-0.11923	0.62175	0.47148	0.0089701	0.10411	0.20044	0.50422	0.32458	0.27468	0.71831	0.63338	0.031271	-0.04898	0.28919	0.2227	0.27403	0.33668	0.27424	0.05031	0.049875	0.22274	0.35341	0.18872	
 MFG_L 	0.57455	0.31182	0.63311	0.53712	0.60662	0.49815	1	0.56586	0.54831	0.20288	0.54336	-0.25322	0.53948	0.17183	0.53858	-0.0081824	0.17781	0.26664	0.34478	0.2571	0.24857	0.34281	0.17327	0.085606	0.17088	0.028528	-0.10662	-0.048517	0.028002	-0.25323	0.73689	0.36357	0.35635	0.0055932	-0.13769	-0.22635	0.011506	-0.14381	0.49604	0.079587	0.23185	0.034534	0.40403	0.13609	0.045926	-0.017184	-0.054653	-0.07616	0.12736	0.11966	0.063097	0.090252	0.071526	0.023799	-0.0029121	-0.01329	0.15887	0.1415	-0.015987	0.071381	0.22571	0.20323	0.092805	-0.063545	0.51052	0.29747	-0.1124	-0.30501	0.30533	0.39139	0.23205	0.44555	0.16684	-0.096265	0.1402	-0.031471	0.28531	0.083434	
 MFG_R 	0.41268	0.60379	0.48305	0.64066	0.39517	0.59099	0.56586	1	0.62981	0.61439	0.22037	0.19305	0.24724	0.44747	0.21679	0.29299	0.36167	0.36175	0.31235	0.39512	0.21335	0.34126	0.32922	0.33423	0.17026	0.40331	0.20968	0.34775	0.18208	0.21496	0.58607	0.7852	0.53883	0.56009	0.14162	-0.022215	0.049702	-0.018937	0.34681	0.29204	0.14052	0.027983	0.32066	0.42861	0.2578	0.15475	0.19002	0.17989	0.38171	0.37376	0.28027	0.25551	0.31812	0.25358	0.14622	0.17315	0.34372	0.34247	-0.08169	0.098291	0.048961	0.15613	0.39987	0.30518	0.50598	0.56714	0.22029	0.11989	0.60901	0.50549	0.4059	0.38372	0.26192	0.02577	0.014636	0.20397	0.23133	0.39096	
 MFG_DPFC_L 	0.66483	0.67962	0.54989	0.40357	0.35258	0.39874	0.54831	0.62981	1	0.73348	0.41119	-0.0070049	0.39089	0.25803	0.44178	0.19835	0.42188	0.1292	0.30611	0.27494	0.25093	0.29587	0.43962	0.4642	0.3927	0.48254	0.31308	0.39025	0.39993	0.29467	0.53359	0.42475	0.33151	0.38868	0.21148	0.14637	0.15885	-0.020886	0.23857	0.1117	0.071643	0.011507	0.28901	0.24223	0.19931	0.16488	0.26138	0.23486	0.4113	0.41756	0.34947	0.39599	0.34573	0.33708	0.26477	0.25533	0.35095	0.43166	0.055723	0.1053	0.030769	-0.073646	0.57989	0.52849	0.19997	0.1691	0.29079	0.15218	0.62596	0.65925	0.48434	0.45712	0.43136	0.22302	0.22684	0.14359	0.40989	0.28857	
 MFG_DPFC_R 	0.43765	0.67599	0.35587	0.38388	0.086999	0.26768	0.20288	0.61439	0.73348	1	0.12078	0.10921	0.2298	0.48561	0.17663	0.41014	0.40306	0.32731	0.30809	0.37068	0.2026	0.31685	0.37712	0.38822	0.29268	0.51495	0.41469	0.53982	0.35312	0.48212	0.28997	0.5582	0.37353	0.57682	0.35659	0.21138	0.11578	0.037196	0.28841	0.33121	0.098889	0.034256	0.15097	0.36576	0.16613	0.15085	0.29547	0.33258	0.3515	0.40162	0.32701	0.34654	0.39026	0.38754	0.22039	0.25731	0.33484	0.40258	-0.063275	0.088926	0.00077613	-0.090561	0.54496	0.60817	0.14067	0.23135	0.5712	0.38115	0.66966	0.50816	0.39518	0.38971	0.39188	0.34684	0.089453	0.18591	0.27252	0.4576	
 IFG_opercularis_L 	0.37616	0.014829	0.17376	-0.0040879	0.18879	0.030801	0.54336	0.22037	0.41119	0.12078	1	0.15561	0.65173	0.24447	0.75181	-0.003675	0.13	0.22469	0.10742	0.076155	0.091171	-0.0073496	0.16653	0.092025	0.30553	0.13048	0.060637	0.057203	0.51509	0.011947	0.47732	0.15425	-0.13409	-0.10284	-0.21198	-0.28406	0.19882	-0.0063745	0.21562	-0.23979	0.051471	-0.18339	0.39746	0.11485	0.017382	-0.016321	0.005412	0.018274	0.13288	0.14779	-0.095922	0.036743	0.090445	0.11857	0.13283	0.044478	-0.14272	-0.0053154	0.22242	0.23308	-0.11134	-0.10946	0.027746	-0.085301	0.017452	-0.13517	-0.10995	-0.24408	0.1012	0.30184	0.034338	0.32033	-0.041338	-0.023969	0.087778	-0.13362	0.16344	-0.14312	
 IFG_opercularis_R 	-0.24795	-0.049777	-0.26509	-0.23835	-0.2829	-0.12732	-0.25322	0.19305	-0.0070049	0.10921	0.15561	1	0.1218	0.28117	0.07669	0.27712	0.16493	0.080519	-0.1212	0.12467	-0.053023	-0.15799	0.11818	0.21981	0.067682	0.42006	0.31585	0.31233	0.35116	0.47275	-0.16106	0.2164	-0.086807	0.38041	0.18398	0.15553	0.30532	0.37136	-0.20801	-0.050296	-0.16985	-0.1544	0.0049055	0.19144	0.21931	0.19239	0.29213	0.36201	0.25775	0.30644	0.15827	0.15797	0.26361	0.27644	0.26095	0.22632	-0.017406	0.073035	0.16126	0.038657	-0.27716	-0.13373	0.20108	0.15805	-0.19226	0.020651	0.1144	0.38625	0.17752	0.10177	0.0013786	-0.11587	-0.14292	0.074474	-0.16111	0.16224	0.021585	0.12127	
 IFG_orbitalis_L 	0.373	0.14084	0.34458	0.13248	0.17328	0.13958	0.53948	0.24724	0.39089	0.2298	0.65173	0.1218	1	0.53661	0.68981	0.33484	0.34808	0.40102	0.22917	0.35338	0.26439	0.16795	0.31299	0.27294	0.27045	0.20869	0.10173	0.14657	0.38619	0.12842	0.42149	0.18771	0.011723	0.0021954	0.16877	0.041514	0.36303	0.11389	0.47874	0.11553	0.25626	-0.056746	0.32368	0.21268	0.13989	0.039974	0.065378	0.10362	0.17901	0.18957	0.035444	0.14994	0.21881	0.23348	0.24732	0.1673	0.1006	-0.011607	-0.10914	0.12203	0.11547	0.013284	0.11503	-0.0037006	0.074532	0.010666	0.08947	0.040647	0.22547	0.28142	0.1296	0.33011	0.10787	0.13901	0.22229	0.090466	0.16037	0.066938	
 IFG_orbitalis_R 	0.17401	0.29035	0.20931	0.26752	-0.01987	0.16087	0.17183	0.44747	0.25803	0.48561	0.24447	0.28117	0.53661	1	0.32113	0.60185	0.41441	0.5411	0.26479	0.35335	0.096232	0.1257	0.10727	0.14877	0.027576	0.27772	0.20172	0.31989	0.23893	0.33167	0.23356	0.46366	0.18174	0.32688	0.2711	0.06773	0.19713	0.099422	0.4609	0.35656	0.2329	-0.020517	0.22316	0.40056	0.1894	0.15766	0.21281	0.27085	0.25555	0.28763	0.11978	0.18126	0.36426	0.36548	0.34103	0.27363	0.22035	0.17077	-0.25684	0.14072	0.080109	0.093045	0.1856	0.16016	0.16245	0.29754	0.35101	0.34221	0.34285	0.19775	0.1571	0.27947	0.15156	0.22479	-0.035037	0.20773	-0.011826	0.40652	
 IFG_triangularis_L 	0.60199	0.26657	0.41152	0.21581	0.20688	0.15054	0.53858	0.21679	0.44178	0.17663	0.75181	0.07669	0.68981	0.32113	1	0.22452	0.26563	0.20592	0.22508	0.11847	0.20117	0.13605	0.21751	0.17731	0.4152	0.18641	-0.0020755	0.025751	0.32783	0.0020727	0.36905	0.06913	0.10217	-0.026439	0.043942	-0.043025	0.31052	-0.016347	0.4332	0.050819	0.1621	-0.051729	0.23883	0.064171	-0.062051	-0.1242	-0.039269	0.027426	0.039704	0.071299	-0.08211	0.0022122	0.10872	0.12666	0.14822	0.066642	0.051985	0.033104	0.12502	0.10818	0.027256	-0.0070275	0.24997	0.094926	0.12673	-0.017575	0.041014	-0.053599	0.17738	0.29763	0.20069	0.3418	0.17231	0.0013437	0.10724	-0.03362	0.25626	0.032287	
 IFG_triangularis_R 	0.15694	0.44067	0.27111	0.32565	0.022322	0.19861	-0.0081824	0.29299	0.19835	0.41014	-0.003675	0.27712	0.33484	0.60185	0.22452	1	0.52294	0.45526	0.41601	0.46253	0.25612	0.2611	0.22541	0.26823	0.17957	0.38211	0.18523	0.24912	0.14922	0.32505	0.00051765	0.31056	0.38674	0.46648	0.4087	0.2623	0.38099	0.19863	0.41075	0.56165	0.41171	0.2837	0.1988	0.42884	0.16211	0.089029	0.089931	0.11756	0.12164	0.11119	0.061671	0.1065	0.19592	0.19493	0.2276	0.13729	0.38166	0.22478	-0.33807	-0.013815	0.25853	0.3271	0.46291	0.39286	0.27305	0.45939	0.43844	0.41284	0.36075	0.2062	0.265	0.15823	0.30461	0.36083	0.15913	0.24742	0.29325	0.60009	
 LFOG_L 	0.29352	0.43178	0.47187	0.34635	0.21777	0.3299	0.17781	0.36167	0.42188	0.40306	0.13	0.16493	0.34808	0.41441	0.26563	0.52294	1	0.5328	0.55088	0.41691	0.45349	0.31392	0.25016	0.25234	0.15521	0.25372	0.093392	0.26507	0.13482	0.15692	0.18479	0.23834	0.30451	0.32808	0.23563	0.15139	0.33975	0.072726	0.32073	0.29841	0.31016	0.22305	0.20127	0.30074	0.068502	0.076107	0.02781	-0.007151	0.183	0.16532	0.072831	0.12923	0.11379	0.13188	0.10509	0.063461	0.49881	0.26085	-0.079768	0.034153	0.26805	0.21965	0.48075	0.43156	0.29815	0.35479	0.35954	0.32222	0.41147	0.36698	0.35351	0.44371	0.29265	0.4713	0.12984	0.16747	0.29894	0.41666	
 LFOG_R 	0.10696	0.1713	0.39879	0.47168	0.31609	0.37566	0.26664	0.36175	0.1292	0.32731	0.22469	0.080519	0.40102	0.5411	0.20592	0.45526	0.5328	1	0.60562	0.55203	0.45311	0.44775	0.24153	0.11553	0.040274	0.074677	-0.13826	-0.0084004	0.12028	0.0046688	0.33715	0.38674	0.21273	0.099962	0.051565	-0.10152	0.20118	0.038697	0.45877	0.39405	0.49812	0.39704	0.45701	0.48861	0.044304	-0.0070418	-0.16567	-0.14602	0.012898	-0.014263	-0.10814	-0.060158	-0.0039697	-0.020619	-0.11204	-0.12344	0.34015	0.16542	-0.13388	0.081148	0.20548	0.35015	0.15807	0.076776	0.41592	0.42626	0.23771	0.099882	0.26828	0.18813	0.029635	0.2742	0.080582	0.19419	-0.081674	0.084299	0.13818	0.33159	
 MFOG_L 	0.25365	0.2979	0.4516	0.45872	0.46188	0.41615	0.34478	0.31235	0.30611	0.30809	0.10742	-0.1212	0.22917	0.26479	0.22508	0.41601	0.55088	0.60562	1	0.70452	0.66961	0.68346	0.43629	0.26557	0.28161	0.099592	0.032652	0.027531	0.12295	0.029036	0.33804	0.26009	0.48614	0.23176	0.21316	0.12364	0.25311	0.066718	0.48111	0.52591	0.56456	0.54443	0.42146	0.4216	0.041253	-0.0011398	-0.12951	-0.15311	-0.029676	-0.03432	-0.018173	-0.0094327	-0.021643	-0.027843	-0.091974	-0.096867	0.37775	0.28886	-0.064855	0.10975	0.54009	0.45943	0.37317	0.30465	0.52657	0.53411	0.39618	0.18179	0.34835	0.28612	0.23979	0.43727	0.28707	0.2193	0.11387	0.26033	0.45247	0.33634	
 MFOG_R 	0.075153	0.24989	0.351	0.37805	0.32854	0.40018	0.2571	0.39512	0.27494	0.37068	0.076155	0.12467	0.35338	0.35335	0.11847	0.46253	0.41691	0.55203	0.70452	1	0.67475	0.70486	0.51569	0.41599	0.18654	0.23934	0.27621	0.26645	0.24866	0.25306	0.33222	0.46062	0.37674	0.35075	0.26187	0.14137	0.3645	0.28461	0.32578	0.43327	0.51163	0.45115	0.42984	0.59361	0.27706	0.20421	0.079216	0.069806	0.21418	0.21735	0.21164	0.21905	0.16748	0.15414	0.10555	0.093055	0.40602	0.33939	-0.09588	0.15844	0.49167	0.38081	0.43669	0.32685	0.37135	0.46902	0.39625	0.24222	0.42034	0.23687	0.30107	0.38965	0.26696	0.16299	0.035035	0.32942	0.49789	0.31384	
 RG_L 	0.27983	0.22107	0.49354	0.43175	0.43483	0.44768	0.24857	0.21335	0.25093	0.2026	0.091171	-0.053023	0.26439	0.096232	0.20117	0.25612	0.45349	0.45311	0.66961	0.67475	1	0.85341	0.38975	0.25509	0.1904	0.10467	-0.066777	-0.035628	0.048234	-0.044911	0.29064	0.25694	0.35303	0.052281	0.021191	0.030895	0.34258	0.17733	0.22428	0.24177	0.44151	0.42656	0.30825	0.33726	-0.054602	-0.12444	-0.22002	-0.1979	-0.085961	-0.11165	-0.012011	-0.061414	-0.15513	-0.18982	-0.20256	-0.23864	0.59784	0.47784	0.25547	0.45119	0.46731	0.42389	0.30241	0.27298	0.40292	0.33358	0.22617	0.056918	0.15451	0.11989	0.37322	0.4634	0.34402	0.19503	0.0054836	0.17007	0.5336	0.087296	
 RG_R 	0.30597	0.34652	0.55167	0.59574	0.4748	0.53343	0.34281	0.34126	0.29587	0.31685	-0.0073496	-0.15799	0.16795	0.1257	0.13605	0.2611	0.31392	0.44775	0.68346	0.70486	0.85341	1	0.4275	0.29049	0.25584	0.14548	0.0035511	0.0034756	-0.0059057	-0.031325	0.35889	0.3944	0.51514	0.18419	0.14048	0.075438	0.31629	0.25443	0.39067	0.42566	0.54939	0.49672	0.29373	0.38429	0.02652	-0.037072	-0.17008	-0.14327	-0.051622	-0.044065	0.062443	0.031006	-0.071268	-0.11495	-0.16942	-0.15993	0.61473	0.59292	0.12618	0.34622	0.51693	0.49959	0.37221	0.32896	0.51017	0.48782	0.31281	0.090807	0.28519	0.15671	0.3694	0.48254	0.40801	0.13352	0.023753	0.25791	0.51974	0.2369	
 PoCG_L 	0.28739	0.42	0.33244	0.25741	0.26418	0.28296	0.17327	0.32922	0.43962	0.37712	0.16653	0.11818	0.31299	0.10727	0.21751	0.22541	0.25016	0.24153	0.43629	0.51569	0.38975	0.4275	1	0.80411	0.7151	0.57648	0.399	0.33101	0.44905	0.42776	0.25466	0.32431	0.29708	0.38535	0.52856	0.46485	0.42379	0.24158	0.33782	0.36928	0.31852	0.35887	0.2994	0.36847	0.32796	0.24016	0.20003	0.1509	0.33086	0.31044	0.3623	0.34782	0.30459	0.30777	0.2202	0.28711	0.23039	0.20049	0.019694	0.048672	0.22399	0.13848	0.51813	0.46221	0.097491	0.20806	0.39325	0.3193	0.58166	0.58434	0.25518	0.30609	0.41297	0.13463	0.21164	0.28025	0.50931	0.35327	
 PoCG_R 	0.33799	0.52978	0.23613	0.12715	0.068048	0.11834	0.085606	0.33423	0.4642	0.38822	0.092025	0.21981	0.27294	0.14877	0.17731	0.26823	0.25234	0.11553	0.26557	0.41599	0.25509	0.29049	0.80411	1	0.61063	0.78537	0.56519	0.54251	0.53111	0.66731	0.091636	0.2575	0.2186	0.43145	0.53591	0.49791	0.31413	0.13583	0.19134	0.24843	0.209	0.21098	0.24957	0.39345	0.43655	0.3777	0.36561	0.32598	0.46919	0.48567	0.4615	0.52295	0.47144	0.45866	0.36086	0.41257	0.17973	0.22134	-0.054822	-0.02519	0.16135	-0.01055	0.60775	0.49935	-0.005314	0.12669	0.41994	0.44964	0.64928	0.61261	0.31679	0.2775	0.38487	0.12961	0.2726	0.28386	0.44671	0.45589	
 PrCG_L 	0.46655	0.45007	0.24699	0.13765	0.056984	0.052419	0.17088	0.17026	0.3927	0.29268	0.30553	0.067682	0.27045	0.027576	0.4152	0.17957	0.15521	0.040274	0.28161	0.18654	0.1904	0.25584	0.7151	0.61063	1	0.59045	0.45634	0.38605	0.44379	0.37242	0.068154	0.13891	0.26455	0.34359	0.45056	0.34631	0.45282	0.16989	0.35337	0.22638	0.25256	0.26776	0.11769	0.0854	0.23528	0.22866	0.23541	0.18573	0.2393	0.25604	0.28472	0.30047	0.28324	0.308	0.26418	0.31602	0.11358	0.11039	0.17869	0.099632	0.085281	0.074838	0.50515	0.49388	-0.054132	0.029061	0.39708	0.27403	0.45183	0.51938	0.18724	0.27424	0.5057	0.24007	0.26928	0.26329	0.5007	0.25961	
 PrCG_R 	0.37722	0.62817	0.16884	0.10544	-0.12199	0.022823	0.028528	0.40331	0.48254	0.51495	0.13048	0.42006	0.20869	0.27772	0.18641	0.38211	0.25372	0.074677	0.099592	0.23934	0.10467	0.14548	0.57648	0.78537	0.59045	1	0.59788	0.64104	0.53714	0.77595	0.063345	0.41106	0.21634	0.57973	0.45748	0.44337	0.28519	0.13024	0.13368	0.23001	0.048859	0.07468	0.19104	0.33675	0.3306	0.32611	0.41775	0.40999	0.4592	0.49665	0.41853	0.51554	0.46961	0.47279	0.40141	0.41603	0.23306	0.27908	0.0059407	0.086874	-0.023132	-0.08255	0.61193	0.60634	-0.063246	0.095022	0.4159	0.52966	0.63059	0.56639	0.3345	0.24625	0.41841	0.30497	0.19106	0.22928	0.42307	0.50548	
 SPG_L 	0.10583	0.25938	-0.068428	-0.17746	-0.22261	-0.16883	-0.10662	0.20968	0.31308	0.41469	0.060637	0.31585	0.10173	0.20172	-0.0020755	0.18523	0.093392	-0.13826	0.032652	0.27621	-0.066777	0.0035511	0.399	0.56519	0.45634	0.59788	1	0.91163	0.65806	0.76129	-0.06522	0.3037	0.11186	0.60863	0.39435	0.25354	0.23135	0.26928	-0.073145	0.05159	-0.024206	-0.072213	0.065863	0.31553	0.61644	0.63827	0.70425	0.63469	0.67469	0.73169	0.59995	0.70303	0.65634	0.6821	0.60466	0.65762	-0.029347	0.10724	0.040519	0.062837	-0.083406	-0.22036	0.51379	0.4991	-0.24744	-0.010922	0.43133	0.42759	0.54789	0.48481	0.14358	0.12691	0.24608	0.14007	0.20144	0.26992	0.32784	0.33166	
 SPG_R 	0.20268	0.40067	0.052731	-0.040416	-0.21579	-0.076066	-0.048517	0.34775	0.39025	0.53982	0.057203	0.31233	0.14657	0.31989	0.025751	0.24912	0.26507	-0.0084004	0.027531	0.26645	-0.035628	0.0034756	0.33101	0.54251	0.38605	0.64104	0.91163	1	0.62089	0.78618	0.016695	0.44881	0.19275	0.68136	0.36061	0.22666	0.1392	0.13996	-0.015027	0.068164	-0.077169	-0.14292	0.053462	0.30548	0.51393	0.54316	0.66727	0.62636	0.67942	0.72946	0.54026	0.65104	0.65205	0.65779	0.54681	0.5976	0.059495	0.15665	0.008835	0.050585	-0.078321	-0.16329	0.5638	0.5374	-0.13501	0.083366	0.43512	0.44491	0.61695	0.49817	0.26212	0.20981	0.2749	0.25051	0.13378	0.20138	0.28312	0.38336	
 SMG_L 	0.1482	0.14393	-0.068726	-0.20235	-0.16721	-0.15104	0.028002	0.18208	0.39993	0.35312	0.51509	0.35116	0.38619	0.23893	0.32783	0.14922	0.13482	0.12028	0.12295	0.24866	0.048234	-0.0059057	0.44905	0.53111	0.44379	0.53714	0.65806	0.62089	1	0.71862	0.22278	0.2957	-0.10777	0.32467	0.16619	0.062358	0.19981	0.10064	-0.041987	-0.097074	-0.015366	-0.041453	0.37534	0.41733	0.3209	0.24127	0.31543	0.31257	0.42146	0.43189	0.21281	0.34089	0.35021	0.38335	0.27114	0.26404	-0.13444	0.089869	0.20537	0.17155	-0.21797	-0.2031	0.35169	0.27807	-0.23788	-0.12084	0.27703	0.26004	0.35237	0.4151	0.041217	0.18121	0.073504	0.040722	0.15555	0.10458	0.23565	0.10287	
 SMG_R 	0.036255	0.36795	-0.13804	-0.14835	-0.30707	-0.12985	-0.25323	0.21496	0.29467	0.48212	0.011947	0.47275	0.12842	0.33167	0.0020727	0.32505	0.15692	0.0046688	0.029036	0.25306	-0.044911	-0.031325	0.42776	0.66731	0.37242	0.77595	0.76129	0.78618	0.71862	1	-0.07538	0.37725	0.030007	0.59049	0.4558	0.39364	0.18871	0.18098	-0.064253	0.11905	-0.037023	-0.055465	0.071263	0.38431	0.3814	0.36032	0.46617	0.49095	0.46609	0.51924	0.38301	0.48324	0.48049	0.50639	0.4063	0.43211	0.054179	0.17459	0.0023756	0.022165	-0.12353	-0.12422	0.49259	0.53045	-0.27877	-0.0079104	0.48452	0.63279	0.45838	0.32661	0.13628	0.10041	0.21696	0.22275	0.13846	0.2951	0.19165	0.373	
 AG_L 	0.4018	0.27586	0.59904	0.55948	0.58232	0.61721	0.73689	0.58607	0.53359	0.28997	0.47732	-0.16106	0.42149	0.23356	0.36905	0.00051765	0.18479	0.33715	0.33804	0.33222	0.29064	0.35889	0.25466	0.091636	0.068154	0.063345	-0.06522	0.016695	0.22278	-0.07538	1	0.64088	0.43513	0.16144	-0.13218	-0.20702	-0.052914	-0.10682	0.44423	0.16919	0.21342	0.11115	0.602	0.41488	0.054018	-0.019821	-0.019388	0.0072191	0.19519	0.15132	0.080261	0.10539	0.1266	0.066206	-0.042233	-0.038246	0.18768	0.28583	0.053088	0.1885	0.1484	0.18587	0.1589	0.10188	0.60422	0.41039	-0.065271	-0.215	0.34018	0.37468	0.18777	0.39513	0.14377	-0.015292	0.029715	-0.13518	0.28288	0.074875	
 AG_R 	0.19934	0.46859	0.41629	0.60178	0.32396	0.57507	0.36357	0.7852	0.42475	0.5582	0.15425	0.2164	0.18771	0.46366	0.06913	0.31056	0.23834	0.38674	0.26009	0.46062	0.25694	0.3944	0.32431	0.2575	0.13891	0.41106	0.3037	0.44881	0.2957	0.37725	0.64088	1	0.52194	0.62423	0.075734	-0.079737	0.041288	0.088188	0.30769	0.32988	0.19531	0.095014	0.39933	0.59126	0.23409	0.15395	0.18274	0.20649	0.36811	0.34546	0.2458	0.25538	0.27803	0.21311	0.096969	0.11656	0.35379	0.43066	0.0072548	0.17769	0.08521	0.32227	0.3771	0.35238	0.47639	0.59379	0.19768	0.12107	0.51255	0.34602	0.29137	0.33487	0.27386	0.089564	-0.053255	0.16632	0.28283	0.3513	
 PrCu_L 	0.35568	0.54755	0.58601	0.6826	0.46144	0.61913	0.35635	0.53883	0.33151	0.37353	-0.13409	-0.086807	0.011723	0.18174	0.10217	0.38674	0.30451	0.21273	0.48614	0.37674	0.35303	0.51514	0.29708	0.2186	0.26455	0.21634	0.11186	0.19275	-0.10777	0.030007	0.43513	0.52194	1	0.65583	0.30768	0.22555	0.13832	0.047551	0.50101	0.58344	0.27457	0.27499	0.11444	0.22965	0.048516	0.016905	0.079279	0.13186	0.080461	0.078784	0.13712	0.11342	0.2053	0.12947	0.015468	0.056052	0.4764	0.41184	-0.12867	0.0030903	0.30955	0.33215	0.55628	0.53387	0.78281	0.81161	0.35214	0.19043	0.492	0.32655	0.30899	0.27285	0.38063	0.23394	0.035687	0.15993	0.41169	0.44941	
 PrCu_R 	0.14322	0.53393	0.18954	0.27007	0.01464	0.24428	0.0055932	0.56009	0.38868	0.57682	-0.10284	0.38041	0.0021954	0.32688	-0.026439	0.46648	0.32808	0.099962	0.23176	0.35075	0.052281	0.18419	0.38535	0.43145	0.34359	0.57973	0.60863	0.68136	0.32467	0.59049	0.16144	0.62423	0.65583	1	0.52137	0.39451	0.22187	0.20455	0.20169	0.44248	0.025456	0.059433	0.03489	0.32774	0.33495	0.33427	0.47453	0.50215	0.46822	0.49506	0.39973	0.42362	0.53252	0.5091	0.37539	0.42686	0.27885	0.32846	-0.09528	-0.064874	0.026702	0.049206	0.66546	0.68827	0.29863	0.59087	0.51819	0.52218	0.68312	0.46914	0.25492	0.15952	0.33044	0.31171	0.0036182	0.27061	0.33096	0.57077	
 STG_L 	0.086782	0.351	0.028602	0.042587	-0.17862	-0.063591	-0.13769	0.14162	0.21148	0.35659	-0.21198	0.18398	0.16877	0.2711	0.043942	0.4087	0.23563	0.051565	0.21316	0.26187	0.021191	0.14048	0.52856	0.53591	0.45056	0.45748	0.39435	0.36061	0.16619	0.4558	-0.13218	0.075734	0.30768	0.52137	1	0.88431	0.39854	0.31739	0.41866	0.60656	0.16934	0.14295	-0.16081	0.024183	0.23119	0.21871	0.32709	0.4197	0.2273	0.27269	0.36726	0.33939	0.40522	0.44963	0.35541	0.44584	0.14932	0.10177	-0.24175	-0.188	0.21755	0.047785	0.42405	0.47184	-0.057411	0.18548	0.61659	0.73917	0.47825	0.29197	0.074934	0.077191	0.36388	0.30314	0.075013	0.38017	0.14491	0.54649	
 STG_R 	0.039949	0.25303	-0.037946	-0.077463	-0.14596	-0.090614	-0.22635	-0.022215	0.14637	0.21138	-0.28406	0.15553	0.041514	0.06773	-0.043025	0.2623	0.15139	-0.10152	0.12364	0.14137	0.030895	0.075438	0.46485	0.49791	0.34631	0.44337	0.25354	0.22666	0.062358	0.39364	-0.20702	-0.079737	0.22555	0.39451	0.88431	1	0.30747	0.25377	0.23382	0.47639	0.029271	0.11575	-0.21819	-0.10533	0.1185	0.12617	0.24211	0.33612	0.10737	0.15872	0.28549	0.27351	0.27345	0.32367	0.27063	0.33665	0.10279	0.072962	-0.19472	-0.18217	0.19644	-0.032984	0.34763	0.42375	-0.08369	0.1044	0.45075	0.71454	0.36249	0.22778	0.066104	-0.0010245	0.30834	0.30011	0.042772	0.26285	0.13348	0.38366	
 STG_L_pole 	0.1033	0.16819	0.16728	0.084276	0.072201	0.093371	0.011506	0.049702	0.15885	0.11578	0.19882	0.30532	0.36303	0.19713	0.31052	0.38099	0.33975	0.20118	0.25311	0.3645	0.34258	0.31629	0.42379	0.31413	0.45282	0.28519	0.23135	0.1392	0.19981	0.18871	-0.052914	0.041288	0.13832	0.22187	0.39854	0.30747	1	0.81574	0.18294	0.1278	0.52726	0.31186	0.016109	0.12743	0.26672	0.34149	0.21572	0.21827	0.15886	0.18715	0.25776	0.2662	0.23157	0.27377	0.35303	0.33406	0.27019	0.1709	0.13571	0.12208	0.17107	0.17877	0.30541	0.37519	-0.071978	0.057926	0.29883	0.33341	0.14697	0.19367	0.20376	0.21895	0.29214	0.17934	0.17337	0.4066	0.369	0.21823	
 STG_R_pole 	-0.16126	-0.049601	-0.029335	-0.025034	-0.024516	0.026141	-0.14381	-0.018937	-0.020886	0.037196	-0.0063745	0.37136	0.11389	0.099422	-0.016347	0.19863	0.072726	0.038697	0.066718	0.28461	0.17733	0.25443	0.24158	0.13583	0.16989	0.13024	0.26928	0.13996	0.10064	0.18098	-0.10682	0.088188	0.047551	0.20455	0.31739	0.25377	0.81574	1	-0.03466	0.058332	0.40563	0.18092	-0.09509	0.092554	0.33828	0.43559	0.32218	0.34601	0.19952	0.25469	0.34538	0.33349	0.24877	0.2766	0.35116	0.37358	0.15341	0.19217	0.14121	0.057101	0.089687	0.16132	0.16073	0.25292	-0.14218	0.02581	0.17293	0.28439	0.02436	0.0054865	0.093157	0.044056	0.15877	0.099571	-0.015075	0.37215	0.17267	0.11456	
 MTG_L 	0.45909	0.40064	0.5629	0.55156	0.34895	0.37496	0.49604	0.34681	0.23857	0.28841	0.21562	-0.20801	0.47874	0.4609	0.4332	0.41075	0.32073	0.45877	0.48111	0.32578	0.22428	0.39067	0.33782	0.19134	0.35337	0.13368	-0.073145	-0.015027	-0.041987	-0.064253	0.44423	0.30769	0.50101	0.20169	0.41866	0.23382	0.18294	-0.03466	1	0.72341	0.517	0.39226	0.33637	0.30342	-0.0024979	-0.05868	-0.04657	0.0063716	0.0025565	0.0199	0.018673	0.04407	0.17747	0.1704	0.063418	0.095537	0.21147	0.074866	-0.25211	-0.0098934	0.40406	0.33651	0.18441	0.13863	0.47883	0.42346	0.26955	0.13705	0.41083	0.31867	0.11627	0.40628	0.26909	0.20762	0.098818	0.079652	0.25182	0.41745	
 MTG_R 	0.18388	0.41174	0.35066	0.47221	0.17763	0.29696	0.079587	0.29204	0.1117	0.33121	-0.23979	-0.050296	0.11553	0.35656	0.050819	0.56165	0.29841	0.39405	0.52591	0.43327	0.24177	0.42566	0.36928	0.24843	0.22638	0.23001	0.05159	0.068164	-0.097074	0.11905	0.16919	0.32988	0.58344	0.44248	0.60656	0.47639	0.1278	0.058332	0.72341	1	0.39345	0.49997	0.18748	0.36848	0.018546	-0.045978	0.022805	0.048874	0.01905	0.0045907	0.089165	0.079765	0.16624	0.16343	0.052993	0.1079	0.29476	0.14016	-0.36648	-0.15049	0.41452	0.34046	0.34425	0.32183	0.4293	0.56167	0.37254	0.36107	0.45041	0.2377	0.08576	0.1824	0.30128	0.19612	0.0036557	0.16138	0.22427	0.55225	
 MTG_L_pole 	0.17211	0.23635	0.42367	0.42829	0.3203	0.34502	0.23185	0.14052	0.071643	0.098889	0.051471	-0.16985	0.25626	0.2329	0.1621	0.41171	0.31016	0.49812	0.56456	0.51163	0.44151	0.54939	0.31852	0.209	0.25256	0.048859	-0.024206	-0.077169	-0.015366	-0.037023	0.21342	0.19531	0.27457	0.025456	0.16934	0.029271	0.52726	0.40563	0.517	0.39345	1	0.69415	0.33317	0.48225	0.20932	0.24722	-0.025804	-0.028874	-0.010457	0.0060304	0.097929	0.12924	0.067885	0.062288	0.07346	0.070503	0.32344	0.18018	-0.10101	0.081738	0.50099	0.49712	0.1641	0.1998	0.32278	0.3132	0.22778	0.050902	0.1354	0.11299	0.22468	0.36577	0.30725	0.15817	0.27756	0.2711	0.37091	0.30378	
 MTG_R_pole 	0.12934	0.18853	0.36882	0.35104	0.30326	0.32335	0.034534	0.027983	0.011507	0.034256	-0.18339	-0.1544	-0.056746	-0.020517	-0.051729	0.2837	0.22305	0.39704	0.54443	0.45115	0.42656	0.49672	0.35887	0.21098	0.26776	0.07468	-0.072213	-0.14292	-0.041453	-0.055465	0.11115	0.095014	0.27499	0.059433	0.14295	0.11575	0.31186	0.18092	0.39226	0.49997	0.69415	1	0.37956	0.52052	0.14706	0.12277	-0.042502	-0.11523	0.009057	-0.041925	0.16497	0.11281	0.0092182	-0.0085934	-0.054754	-0.01406	0.2608	0.12943	0.052334	0.02352	0.34742	0.3771	0.19498	0.22815	0.28372	0.29113	0.14511	0.091987	0.22931	0.21662	0.066876	0.22432	0.24824	0.092949	0.11798	0.21441	0.45582	0.25427	
 ITG_L 	0.24198	0.12607	0.37324	0.3073	0.43809	0.34328	0.40403	0.32066	0.28901	0.15097	0.39746	0.0049055	0.32368	0.22316	0.23883	0.1988	0.20127	0.45701	0.42146	0.42984	0.30825	0.29373	0.2994	0.24957	0.11769	0.19104	0.065863	0.053462	0.37534	0.071263	0.602	0.39933	0.11444	0.03489	-0.16081	-0.21819	0.016109	-0.09509	0.33637	0.18748	0.33317	0.37956	1	0.70457	0.30118	0.18305	0.066026	-0.024417	0.30222	0.24439	0.13837	0.16095	0.18835	0.1611	0.099628	0.04905	0.044244	0.048408	0.12717	0.13483	0.0579	0.15872	0.090217	-0.037176	0.36915	0.2816	-0.1019	-0.19515	0.36903	0.45707	0.060333	0.25212	0.031493	-0.093116	0.11351	-0.13447	0.33895	0.12233	
 ITG_R 	0.12132	0.27036	0.33749	0.3559	0.29195	0.38731	0.13609	0.42861	0.24223	0.36576	0.11485	0.19144	0.21268	0.40056	0.064171	0.42884	0.30074	0.48861	0.4216	0.59361	0.33726	0.38429	0.36847	0.39345	0.0854	0.33675	0.31553	0.30548	0.41733	0.38431	0.41488	0.59126	0.22965	0.32774	0.024183	-0.10533	0.12743	0.092554	0.30342	0.36848	0.48225	0.52052	0.70457	1	0.42425	0.29426	0.22241	0.16241	0.40989	0.3837	0.29111	0.33919	0.33487	0.29669	0.18642	0.1725	0.20371	0.19659	-0.0040403	0.081417	0.10742	0.18016	0.30696	0.23972	0.32597	0.39435	0.16005	0.10522	0.50731	0.44376	0.18863	0.27957	0.095289	-0.044245	0.12642	0.16077	0.38712	0.38827	
 FuG_L 	0.014882	0.051744	0.052156	-0.0094621	0.11463	0.12191	0.045926	0.2578	0.19931	0.16613	0.017382	0.21931	0.13989	0.1894	-0.062051	0.16211	0.068502	0.044304	0.041253	0.27706	-0.054602	0.02652	0.32796	0.43655	0.23528	0.3306	0.61644	0.51393	0.3209	0.3814	0.054018	0.23409	0.048516	0.33495	0.23119	0.1185	0.26672	0.33828	-0.0024979	0.018546	0.20932	0.14706	0.30118	0.42425	1	0.86613	0.76875	0.6278	0.81037	0.80112	0.79087	0.79929	0.73836	0.73033	0.77463	0.78908	0.018121	-0.021375	-0.10414	-0.075955	-0.025941	-0.039801	0.25132	0.21351	-0.023533	0.13887	0.17855	0.21994	0.50136	0.5487	0.070362	0.059613	0.076551	0.0095391	0.24439	0.38949	0.28462	0.32507	
 FuG_R 	0.0078552	0.077314	-0.016975	-0.12312	-0.05555	-0.051769	-0.017184	0.15475	0.16488	0.15085	-0.016321	0.19239	0.039974	0.15766	-0.1242	0.089029	0.076107	-0.0070418	-0.0011398	0.20421	-0.12444	-0.037072	0.24016	0.3777	0.22866	0.32611	0.63827	0.54316	0.24127	0.36032	-0.019821	0.15395	0.016905	0.33427	0.21871	0.12617	0.34149	0.43559	-0.05868	-0.045978	0.24722	0.12277	0.18305	0.29426	0.86613	1	0.84957	0.71765	0.81098	0.82529	0.81468	0.83637	0.78044	0.78526	0.81123	0.85357	-0.090448	-0.060143	-0.082933	-0.068263	0.011485	-0.12624	0.2313	0.27712	-0.11382	0.032819	0.13478	0.23074	0.45307	0.50993	0.064755	0.076854	0.14761	0.10479	0.19531	0.25056	0.24089	0.31456	
 SOG_L 	0.11047	0.14568	-0.057499	-0.18914	-0.21365	-0.15283	-0.054653	0.19002	0.26138	0.29547	0.005412	0.29213	0.065378	0.21281	-0.039269	0.089931	0.02781	-0.16567	-0.12951	0.079216	-0.22002	-0.17008	0.20003	0.36561	0.23541	0.41775	0.70425	0.66727	0.31543	0.46617	-0.019388	0.18274	0.079279	0.47453	0.32709	0.24211	0.21572	0.32218	-0.04657	0.022805	-0.025804	-0.042502	0.066026	0.22241	0.76875	0.84957	1	0.9156	0.87938	0.91533	0.8737	0.87522	0.92334	0.91884	0.87709	0.9257	-0.16731	-0.095153	-0.026289	-0.07733	-0.07784	-0.31663	0.29121	0.3474	-0.17669	-0.024001	0.18221	0.33469	0.58085	0.59785	0.10891	0.077207	0.14046	0.14845	0.13854	0.1964	0.25167	0.36339	
 SOG_R 	0.085644	0.14645	-0.076601	-0.17889	-0.28776	-0.1667	-0.07616	0.17989	0.23486	0.33258	0.018274	0.36201	0.10362	0.27085	0.027426	0.11756	-0.007151	-0.14602	-0.15311	0.069806	-0.1979	-0.14327	0.1509	0.32598	0.18573	0.40999	0.63469	0.62636	0.31257	0.49095	0.0072191	0.20649	0.13186	0.50215	0.4197	0.33612	0.21827	0.34601	0.0063716	0.048874	-0.028874	-0.11523	-0.024417	0.16241	0.6278	0.71765	0.9156	1	0.74724	0.82728	0.77867	0.77283	0.89071	0.88925	0.79084	0.85161	-0.13627	0.0015638	-0.027652	-0.0726	-0.089247	-0.33208	0.28271	0.37719	-0.131	-0.00554	0.27412	0.42166	0.51652	0.4623	0.094243	0.034623	0.11425	0.22815	0.039714	0.17894	0.16398	0.36814	
 MOG_L 	0.16287	0.23934	0.13535	-0.001184	-0.0021233	0.065808	0.12736	0.38171	0.4113	0.3515	0.13288	0.25775	0.17901	0.25555	0.039704	0.12164	0.183	0.012898	-0.029676	0.21418	-0.085961	-0.051622	0.33086	0.46919	0.2393	0.4592	0.67469	0.67942	0.42146	0.46609	0.19519	0.36811	0.080461	0.46822	0.2273	0.10737	0.15886	0.19952	0.0025565	0.01905	-0.010457	0.009057	0.30222	0.40989	0.81037	0.81098	0.87938	0.74724	1	0.96552	0.86701	0.88252	0.88305	0.86386	0.81264	0.8406	-0.028907	-0.0024965	0.01283	-0.046589	-0.093104	-0.21127	0.36002	0.33359	-0.027749	0.088646	0.10904	0.23547	0.69132	0.72774	0.13798	0.2189	0.15307	0.050212	0.18727	0.20768	0.33246	0.41561	
 MOG_R 	0.18077	0.25101	0.12332	-0.024826	-0.032949	0.025426	0.11966	0.37376	0.41756	0.40162	0.14779	0.30644	0.18957	0.28763	0.071299	0.11119	0.16532	-0.014263	-0.03432	0.21735	-0.11165	-0.044065	0.31044	0.48567	0.25604	0.49665	0.73169	0.72946	0.43189	0.51924	0.15132	0.34546	0.078784	0.49506	0.27269	0.15872	0.18715	0.25469	0.0199	0.0045907	0.0060304	-0.041925	0.24439	0.3837	0.80112	0.82529	0.91533	0.82728	0.96552	1	0.85986	0.90282	0.91879	0.9138	0.83578	0.87701	-0.043538	0.023872	0.0097262	-0.052703	-0.092319	-0.26543	0.38853	0.36205	-0.063963	0.051639	0.17027	0.29202	0.7043	0.70606	0.15802	0.22405	0.14799	0.095536	0.16072	0.22402	0.30917	0.42395	
 IOG_L 	0.18593	0.23458	0.13687	0.021395	-0.020276	0.063935	0.063097	0.28027	0.34947	0.32701	-0.095922	0.15827	0.035444	0.11978	-0.08211	0.061671	0.072831	-0.10814	-0.018173	0.21164	-0.012011	0.062443	0.3623	0.4615	0.28472	0.41853	0.59995	0.54026	0.21281	0.38301	0.080261	0.2458	0.13712	0.39973	0.36726	0.28549	0.25776	0.34538	0.018673	0.089165	0.097929	0.16497	0.13837	0.29111	0.79087	0.81468	0.8737	0.77867	0.86701	0.85986	1	0.90551	0.80764	0.79371	0.76665	0.83948	0.048963	0.065102	0.035176	-0.026863	0.042671	-0.13923	0.33652	0.38579	-0.078296	0.044445	0.18923	0.31869	0.60794	0.63078	0.16981	0.14985	0.29135	0.076215	0.17854	0.30883	0.35471	0.41068	
 IOG_R 	0.21889	0.27325	0.16398	-0.0049894	-0.0092593	0.043932	0.090252	0.25551	0.39599	0.34654	0.036743	0.15797	0.14994	0.18126	0.0022122	0.1065	0.12923	-0.060158	-0.0094327	0.21905	-0.061414	0.031006	0.34782	0.52295	0.30047	0.51554	0.70303	0.65104	0.34089	0.48324	0.10539	0.25538	0.11342	0.42362	0.33939	0.27351	0.2662	0.33349	0.04407	0.079765	0.12924	0.11281	0.16095	0.33919	0.79929	0.83637	0.87522	0.77283	0.88252	0.90282	0.90551	1	0.82985	0.83412	0.80385	0.85593	0.047555	0.098399	-0.042972	-0.043801	0.027099	-0.18619	0.42311	0.44409	-0.09839	0.0043425	0.19464	0.33934	0.62849	0.65678	0.14583	0.19403	0.29757	0.15874	0.25992	0.30806	0.38624	0.41524	
 Cu_L 	0.21833	0.27161	0.10251	-0.023082	-0.088169	-0.018721	0.071526	0.31812	0.34573	0.39026	0.090445	0.26361	0.21881	0.36426	0.10872	0.19592	0.11379	-0.0039697	-0.021643	0.16748	-0.15513	-0.071268	0.30459	0.47144	0.28324	0.46961	0.65634	0.65205	0.35021	0.48049	0.1266	0.27803	0.2053	0.53252	0.40522	0.27345	0.23157	0.24877	0.17747	0.16624	0.067885	0.0092182	0.18835	0.33487	0.73836	0.78044	0.92334	0.89071	0.88305	0.91879	0.80764	0.82985	1	0.97933	0.87034	0.92186	-0.079453	-0.038231	-0.076985	-0.084049	-0.065592	-0.29937	0.35568	0.38924	0.0032086	0.1123	0.25277	0.35171	0.71376	0.68472	0.12038	0.1843	0.12938	0.15326	0.15231	0.19291	0.27647	0.46963	
 Cu_R 	0.18131	0.25062	0.056223	-0.089992	-0.12943	-0.080931	0.023799	0.25358	0.33708	0.38754	0.11857	0.27644	0.23348	0.36548	0.12666	0.19493	0.13188	-0.020619	-0.027843	0.15414	-0.18982	-0.11495	0.30777	0.45866	0.308	0.47279	0.6821	0.65779	0.38335	0.50639	0.066206	0.21311	0.12947	0.5091	0.44963	0.32367	0.27377	0.2766	0.1704	0.16343	0.062288	-0.0085934	0.1611	0.29669	0.73033	0.78526	0.91884	0.88925	0.86386	0.9138	0.79371	0.83412	0.97933	1	0.90275	0.94745	-0.085218	-0.056003	-0.076976	-0.093139	-0.075491	-0.31743	0.34172	0.39465	-0.085045	0.043888	0.26722	0.39845	0.67698	0.6573	0.084917	0.17531	0.13357	0.17314	0.15398	0.2186	0.2313	0.44697	
 LG_L 	0.1478	0.14963	0.0084452	-0.14709	-0.11323	-0.10634	-0.0029121	0.14622	0.26477	0.22039	0.13283	0.26095	0.24732	0.34103	0.14822	0.2276	0.10509	-0.11204	-0.091974	0.10555	-0.20256	-0.16942	0.2202	0.36086	0.26418	0.40141	0.60466	0.54681	0.27114	0.4063	-0.042233	0.096969	0.015468	0.37539	0.35541	0.27063	0.35303	0.35116	0.063418	0.052993	0.07346	-0.054754	0.099628	0.18642	0.77463	0.81123	0.87709	0.79084	0.81264	0.83578	0.76665	0.80385	0.87034	0.90275	1	0.95232	-0.053542	-0.11673	-0.10267	-0.087402	-0.035204	-0.22039	0.26888	0.31493	-0.16076	-0.0088056	0.13676	0.31456	0.49605	0.5334	0.11862	0.091405	0.14192	0.14415	0.21622	0.25858	0.21053	0.343	
 LG_R 	0.15475	0.1788	-0.00042287	-0.13619	-0.14347	-0.11923	-0.01329	0.17315	0.25533	0.25731	0.044478	0.22632	0.1673	0.27363	0.066642	0.13729	0.063461	-0.12344	-0.096867	0.093055	-0.23864	-0.15993	0.28711	0.41257	0.31602	0.41603	0.65762	0.5976	0.26404	0.43211	-0.038246	0.11656	0.056052	0.42686	0.44584	0.33665	0.33406	0.37358	0.095537	0.1079	0.070503	-0.01406	0.04905	0.1725	0.78908	0.85357	0.9257	0.85161	0.8406	0.87701	0.83948	0.85593	0.92186	0.94745	0.95232	1	-0.1031	-0.1124	-0.10233	-0.13759	-0.042318	-0.25256	0.2844	0.34279	-0.17822	-0.019374	0.2108	0.36231	0.5633	0.58215	0.093327	0.099667	0.16295	0.14527	0.14872	0.25181	0.19783	0.38552	
 rostral_ACC_L 	0.27461	0.4766	0.63204	0.63021	0.45508	0.62175	0.15887	0.34372	0.35095	0.33484	-0.14272	-0.017406	0.1006	0.22035	0.051985	0.38166	0.49881	0.34015	0.37775	0.40602	0.59784	0.61473	0.23039	0.17973	0.11358	0.23306	-0.029347	0.059495	-0.13444	0.054179	0.18768	0.35379	0.4764	0.27885	0.14932	0.10279	0.27019	0.15341	0.21147	0.29476	0.32344	0.2608	0.044244	0.20371	0.018121	-0.090448	-0.16731	-0.13627	-0.028907	-0.043538	0.048963	0.047555	-0.079453	-0.085218	-0.053542	-0.1031	1	0.73335	0.045596	0.26111	0.27295	0.45949	0.49199	0.54124	0.44405	0.46682	0.29821	0.23392	0.19522	0.055378	0.42442	0.33306	0.40315	0.3008	0.016735	0.35714	0.35977	0.32496	
 rostral_ACC_R 	0.23775	0.41305	0.42424	0.46531	0.29141	0.47148	0.1415	0.34247	0.43166	0.40258	-0.0053154	0.073035	-0.011607	0.17077	0.033104	0.22478	0.26085	0.16542	0.28886	0.33939	0.47784	0.59292	0.20049	0.22134	0.11039	0.27908	0.10724	0.15665	0.089869	0.17459	0.28583	0.43066	0.41184	0.32846	0.10177	0.072962	0.1709	0.19217	0.074866	0.14016	0.18018	0.12943	0.048408	0.19659	-0.021375	-0.060143	-0.095153	0.0015638	-0.0024965	0.023872	0.065102	0.098399	-0.038231	-0.056003	-0.11673	-0.1124	0.73335	1	0.097109	0.34228	0.25027	0.36414	0.51533	0.55523	0.35238	0.35033	0.33614	0.25461	0.19938	0.067019	0.44518	0.39466	0.41828	0.2782	-0.12063	0.30487	0.39945	0.29803	
 subcallosal_ACC_L 	0.13365	-0.11445	0.017598	-0.10679	0.061327	0.0089701	-0.015987	-0.08169	0.055723	-0.063275	0.22242	0.16126	-0.10914	-0.25684	0.12502	-0.33807	-0.079768	-0.13388	-0.064855	-0.09588	0.25547	0.12618	0.019694	-0.054822	0.17869	0.0059407	0.040519	0.008835	0.20537	0.0023756	0.053088	0.0072548	-0.12867	-0.09528	-0.24175	-0.19472	0.13571	0.14121	-0.25211	-0.36648	-0.10101	0.052334	0.12717	-0.0040403	-0.10414	-0.082933	-0.026289	-0.027652	0.01283	0.0097262	0.035176	-0.042972	-0.076985	-0.076976	-0.10267	-0.10233	0.045596	0.097109	1	0.48668	-0.33523	-0.067208	-0.063599	0.056999	-0.16093	-0.23567	-0.17903	-0.12727	-0.071893	0.027614	-0.080421	0.061832	0.024812	-0.13808	-0.12807	-0.10946	0.13697	-0.38661	
