	 SFG_L 	 SFG_R 	 SFG_PFC_L 	 SFG_PFC_R 	 SFG_pole_L 	 SFG_pole_R 	 MFG_L 	 MFG_R 	 MFG_DPFC_L 	 MFG_DPFC_R 	 IFG_opercularis_L 	 IFG_opercularis_R 	 IFG_orbitalis_L 	 IFG_orbitalis_R 	 IFG_triangularis_L 	 IFG_triangularis_R 	 LFOG_L 	 LFOG_R 	 MFOG_L 	 MFOG_R 	 RG_L 	 RG_R 	 PoCG_L 	 PoCG_R 	 PrCG_L 	 PrCG_R 	 SPG_L 	 SPG_R 	 SMG_L 	 SMG_R 	 AG_L 	 AG_R 	 PrCu_L 	 PrCu_R 	 STG_L 	 STG_R 	 STG_L_pole 	 STG_R_pole 	 MTG_L 	 MTG_R 	 MTG_L_pole 	 MTG_R_pole 	 ITG_L 	 ITG_R 	 FuG_L 	 FuG_R 	 SOG_L 	 SOG_R 	 MOG_L 	 MOG_R 	 IOG_L 	 IOG_R 	 Cu_L 	 Cu_R 	 LG_L 	 LG_R 	 rostral_ACC_L 	 rostral_ACC_R 	 subcallosal_ACC_L 	 subcallosal_ACC_R 	 subgenual_ACC_L 	 subgenual_ACC_R 	 dorsal_ACC_L 	 dorsal_ACC_R 	 PCC_L 	 PCC_R 	 Insula_L 	 Insula_R 	 CerebellumGM_L 	 CerebellumGM_R 	 Caud_L 	 Caud_R 	 Put_L 	 Put_R 	 GP_L 	 GP_R 	 Thalamus_L 	 Thalamus_R 	
 SFG_L 	1	0.61522	0.50517	0.40093	0.25557	0.23825	0.72195	0.4241	0.46762	0.20386	0.39345	-0.092128	0.41073	0.018864	0.42604	0.0018352	0.24118	0.165	-0.0042221	-0.18822	0.12346	0.035438	0.36109	0.34519	0.42786	0.3769	0.55	0.30442	0.30981	0.10577	0.52169	0.18397	0.53873	0.49097	0.18526	0.15306	0.0096745	-0.10813	0.45702	0.31194	0.071437	0.15931	0.32876	0.19757	0.31295	0.28101	0.34645	0.25415	0.35349	0.28545	0.25911	0.36269	0.35769	0.25973	0.46077	0.42979	0.32359	0.26924	0.37635	0.19969	-0.11356	-0.14627	0.53499	0.38512	0.45308	0.42033	0.19723	-0.15236	0.38936	0.44584	-0.25748	-0.025968	0.10839	-0.019037	-0.18004	-0.18023	0.27521	0.15085	
 SFG_R 	0.61522	1	0.35224	0.53295	0.26748	0.36972	0.36547	0.42827	0.17778	0.3116	0.16907	0.1124	0.12625	0.0617	0.085241	0.030605	0.18026	0.1183	-0.16156	-0.066395	-0.024926	-0.045738	0.43452	0.46408	0.45512	0.59551	0.40851	0.3382	0.41546	0.40531	0.1497	0.12184	0.35508	0.42343	0.20639	0.23461	0.1755	0.15827	0.16626	0.36523	0.28525	0.40944	0.22922	0.29763	0.11699	0.14521	0.17199	0.19365	0.14351	0.059069	0.1736	0.31972	0.16328	0.13888	0.26258	0.33986	0.12935	0.2047	0.31806	0.036829	-0.13737	-0.071043	0.44925	0.35113	0.20185	0.22729	0.27495	0.066096	0.33554	0.342	0.010845	-0.015519	0.054556	0.017621	-0.10595	-0.026718	0.30222	0.32211	
 SFG_PFC_L 	0.50517	0.35224	1	0.78672	0.79912	0.64983	0.49831	0.26779	0.26952	0.12705	-0.077475	-0.20748	0.18549	-0.11535	0.14921	-0.10576	0.35445	0.24222	0.22503	-0.010165	0.53477	0.35574	-0.017996	0.045991	-0.054556	0.045282	0.33486	0.27187	-0.22351	-0.1516	0.55625	0.24887	0.39506	0.37867	-0.096145	-0.11109	-0.10542	-0.060416	0.46222	0.27358	0.41803	0.41842	0.35685	0.4305	0.097821	0.039871	0.30063	0.14757	0.3185	0.092397	0.10067	0.24316	0.33506	0.22251	0.20589	0.09373	0.69356	0.63685	0.28319	0.26827	0.40166	0.27223	0.23216	0.49385	0.62371	0.45025	-0.15931	-0.40269	0.30189	0.31006	0.086916	0.27382	0.064056	-0.093339	-0.1808	-0.1556	0.10601	0.15614	
 SFG_PFC_R 	0.40093	0.53295	0.78672	1	0.71551	0.80212	0.46772	0.53763	0.15574	0.27934	-0.092817	-0.049602	0.068181	-0.028852	0.052126	0.080406	0.34317	0.30462	0.11033	0.047559	0.38628	0.45328	0.086138	0.10796	0.011435	0.14785	0.40629	0.26124	-0.051379	-0.043369	0.46922	0.36832	0.48385	0.55973	0.015939	0.0054803	-0.0042165	0.15509	0.36776	0.48156	0.43874	0.45868	0.33438	0.36757	0.21419	0.16104	0.4048	0.27795	0.42471	0.22087	0.23331	0.31232	0.48774	0.48065	0.39178	0.30384	0.54644	0.63404	0.25108	0.20384	0.3908	0.37461	0.25437	0.52064	0.55375	0.57032	-0.15068	-0.31692	0.4831	0.4642	0.1103	0.22977	-0.041954	-0.19287	-0.19549	-0.13768	0.24205	0.34184	
 SFG_pole_L 	0.25557	0.26748	0.79912	0.71551	1	0.78743	0.21468	0.11405	0.097018	0.073918	-0.15433	-0.2631	-0.015998	-0.17997	-0.11432	-0.23557	0.3284	-0.0099143	0.13376	-0.018801	0.49897	0.33174	0.067453	0.14584	0.022677	0.14131	0.207	0.27724	-0.17979	-0.031066	0.21328	0.0086143	0.34001	0.34647	0.062897	0.013592	0.07674	0.11983	0.19422	0.13418	0.45877	0.32757	0.24151	0.35701	0.12661	0.16988	0.2108	0.16653	0.3021	0.16739	0.22326	0.34496	0.30107	0.28284	0.24077	0.17467	0.59037	0.58356	0.20268	0.17034	0.46657	0.33808	0.19575	0.35288	0.51847	0.37971	-0.041019	-0.23392	0.28535	0.26275	0.10685	0.30355	0.12181	-0.086606	-0.067459	-0.099117	0.11993	0.23018	
 SFG_pole_R 	0.23825	0.36972	0.64983	0.80212	0.78743	1	0.29012	0.28977	0.024592	0.086807	-0.16083	-0.15855	0.0076207	-0.11662	-0.0092531	-0.0074188	0.33506	0.20104	0.14768	0.16065	0.46901	0.46184	0.20813	0.20867	0.14699	0.24937	0.37429	0.35777	-0.081301	0.011383	0.28921	0.18213	0.33648	0.3781	0.16069	0.11095	0.077437	0.23552	0.33715	0.42121	0.52753	0.42772	0.30677	0.34075	0.30722	0.31831	0.2795	0.29846	0.34299	0.26228	0.34682	0.41014	0.42194	0.44542	0.40008	0.38416	0.43561	0.5071	0.1353	0.075974	0.53463	0.5348	0.21842	0.31144	0.48229	0.50448	0.041133	-0.1547	0.36015	0.36519	0.048285	0.18008	0.059827	-0.14748	-0.11137	-0.088073	0.06862	0.18989	
 MFG_L 	0.72195	0.36547	0.49831	0.46772	0.21468	0.29012	1	0.64712	0.49543	0.3478	0.26209	-0.044919	0.38469	-0.024886	0.57343	0.20905	0.28856	0.34328	0.066894	-0.0576	0.16529	0.16183	0.16063	0.093179	0.14603	0.14523	0.6079	0.35197	0.11627	-0.091151	0.70894	0.46138	0.50709	0.51523	0.16557	0.16584	-0.19648	-0.16147	0.64187	0.51158	0.11584	0.14164	0.45224	0.24585	0.35411	0.33629	0.54498	0.39626	0.4822	0.4291	0.25554	0.34723	0.53954	0.45895	0.53102	0.49187	0.29755	0.30104	0.21808	0.12558	0.053815	0.1318	0.34682	0.39646	0.55614	0.56519	-0.14857	-0.37051	0.54863	0.56751	-0.21987	-0.032358	-0.039362	-0.2482	-0.25329	-0.1648	0.31274	0.17635	
 MFG_R 	0.4241	0.42827	0.26779	0.53763	0.11405	0.28977	0.64712	1	0.28771	0.65619	0.17317	0.35993	0.12477	0.19295	0.33269	0.53779	0.24428	0.41521	0.035555	0.17769	-0.089543	0.20216	0.060721	0.04485	-0.029325	0.13723	0.45168	0.16633	0.14779	0.097595	0.51614	0.72112	0.42438	0.63445	0.069664	0.10655	-0.13223	0.10392	0.30419	0.57024	0.055491	0.065572	0.31439	0.20399	0.21124	0.21276	0.42146	0.31238	0.38889	0.35539	0.19966	0.18245	0.50375	0.49824	0.48772	0.43441	0.10522	0.2377	0.17964	0.088588	0.018204	0.16173	0.20917	0.38046	0.36954	0.51523	-0.20434	-0.15077	0.5621	0.46063	-0.063087	-0.096899	-0.26942	-0.40069	-0.2391	-0.21002	0.43546	0.38434	
 MFG_DPFC_L 	0.46762	0.17778	0.26952	0.15574	0.097018	0.024592	0.49543	0.28771	1	0.60619	0.33771	-0.015977	0.17824	0.066317	0.50554	0.27988	0.40734	0.14698	0.36305	0.13051	0.28156	0.32235	0.15072	-0.035233	0.10299	0.011059	0.27252	-0.041322	0.11822	-0.25884	0.53458	0.37584	0.29058	0.33926	0.095794	0.090177	-0.16491	-0.27737	0.016884	-0.020786	-0.26809	-0.20246	0.15089	0.00783	-0.1666	-0.097355	0.19306	0.11878	0.11825	0.17194	-0.079707	-0.010875	0.26209	0.18395	0.1595	0.069047	0.526	0.48517	0.22378	0.22695	0.00074815	0.097015	0.40835	0.43193	0.33467	0.27639	-0.057063	-0.26687	0.1996	0.24228	-0.03665	0.20619	-0.26671	-0.30231	-0.11806	-0.2804	0.21446	-0.036738	
 MFG_DPFC_R 	0.20386	0.3116	0.12705	0.27934	0.073918	0.086807	0.3478	0.65619	0.60619	1	0.040508	0.26996	-0.18972	0.087918	0.17543	0.46108	0.32388	0.27014	0.23806	0.28136	-0.040491	0.23508	-0.031235	-0.091572	-0.11656	0.043683	0.17884	-0.04321	0.11373	0.026183	0.35828	0.63942	0.29205	0.51836	0.084295	0.10918	-0.20115	-0.088776	-0.090077	0.16279	-0.10593	-0.18065	0.08457	0.019604	-0.14524	-0.051974	0.24059	0.17276	0.19072	0.21529	-0.025459	-0.0058284	0.31807	0.29941	0.21599	0.15032	0.2819	0.40869	0.1108	0.019947	0.027039	0.16746	0.25925	0.45174	0.2814	0.33333	-0.15924	-0.0090266	0.37427	0.27645	0.10541	0.012404	-0.31363	-0.41744	-0.20297	-0.30716	0.30536	0.21431	
 IFG_opercularis_L 	0.39345	0.16907	-0.077475	-0.092817	-0.15433	-0.16083	0.26209	0.17317	0.33771	0.040508	1	0.41476	0.71424	0.59034	0.64631	0.39019	0.23033	0.023792	0.019932	-0.025475	-0.024806	-0.12449	0.39677	0.34972	0.42938	0.41571	0.23648	0.033869	0.64565	0.35865	0.23454	0.085794	-0.043038	-0.045274	0.30405	0.3457	0.19873	0.018262	0.081473	0.13292	-0.14351	-0.19751	0.40287	0.21945	0.065994	0.057268	0.09986	0.086256	-0.15046	-0.04113	0.0058562	0.056009	-0.054696	-0.076564	0.1131	0.20259	-0.088877	-0.1738	0.34527	0.15726	-0.21175	-0.15637	0.24354	-0.037651	-0.13829	-0.15341	0.44872	0.13513	0.072919	0.057964	-0.26429	-0.20612	-0.05737	-0.16221	0.008345	-0.21831	0.18419	-0.053369	
 IFG_opercularis_R 	-0.092128	0.1124	-0.20748	-0.049602	-0.2631	-0.15855	-0.044919	0.35993	-0.015977	0.26996	0.41476	1	0.23595	0.65042	0.35864	0.74246	0.20786	0.33671	0.12844	0.39067	-0.28221	-0.11711	0.036705	0.062086	-0.015706	0.19112	-0.1161	-0.18511	0.30959	0.37701	0.089824	0.45519	-0.39148	-0.15144	0.083997	0.11173	0.21567	0.32071	-0.029109	0.28205	-0.015742	-0.12321	0.21577	0.20151	-0.1648	-0.13892	-0.16013	-0.044278	-0.33891	-0.19925	-0.18354	-0.21909	-0.25505	-0.22138	-0.18367	-0.139	-0.28386	-0.25039	-0.015129	-0.044561	-0.13238	0.049131	-0.15351	-0.1422	-0.32887	-0.26876	0.20363	0.39524	-0.11059	-0.21117	0.046964	-0.33652	-0.25667	-0.25731	0.031259	-0.12583	0.023465	-0.068085	
 IFG_orbitalis_L 	0.41073	0.12625	0.18549	0.068181	-0.015998	0.0076207	0.38469	0.12477	0.17824	-0.18972	0.71424	0.23595	1	0.57149	0.59938	0.26392	0.26743	0.12675	-0.049372	-0.11302	0.035076	-0.11123	0.29027	0.23957	0.3395	0.30315	0.33367	0.2106	0.38593	0.24371	0.32226	0.10698	-0.083209	-0.13811	0.23544	0.21082	0.24791	0.065251	0.46839	0.32728	0.012285	0.02453	0.56421	0.3608	0.1315	0.058656	0.14653	0.15293	-0.055481	-0.024493	0.079983	0.12759	-0.050179	-0.092513	0.088383	0.14805	-0.11076	-0.23076	0.27394	0.16867	-0.15956	-0.093445	0.029646	-0.091379	-0.039933	-0.1083	0.25838	-0.10954	0.031553	0.062208	-0.14705	-0.1004	0.13682	-0.02395	-0.045847	-0.10704	0.10503	-0.090882	
 IFG_orbitalis_R 	0.018864	0.0617	-0.11535	-0.028852	-0.17997	-0.11662	-0.024886	0.19295	0.066317	0.087918	0.59034	0.65042	0.57149	1	0.39367	0.53906	0.25862	0.30012	0.13743	0.22735	-0.14873	-0.11075	0.12967	0.081811	0.1098	0.19349	0.045632	-0.10759	0.37472	0.31941	0.11568	0.27052	-0.31807	-0.20931	0.12851	0.15779	0.14447	0.21154	0.04321	0.28734	-0.072	-0.16134	0.34728	0.19177	-0.18693	-0.1657	-0.049669	0.062383	-0.27418	-0.18684	-0.14941	-0.18031	-0.18838	-0.17775	-0.16999	-0.098436	-0.19813	-0.27121	0.025935	0.030218	-0.18146	-0.028944	-0.055671	-0.086914	-0.26688	-0.29442	0.25735	0.24587	-0.083973	-0.11809	-0.17115	-0.35665	-0.032058	-0.068834	0.032795	-0.11113	-0.0758	-0.1182	
 IFG_triangularis_L 	0.42604	0.085241	0.14921	0.052126	-0.11432	-0.0092531	0.57343	0.33269	0.50554	0.17543	0.64631	0.35864	0.59938	0.39367	1	0.57482	0.47424	0.33977	0.27373	0.1985	0.14651	0.13565	0.15954	0.074168	0.17938	0.15623	0.27774	0.022594	0.29238	-0.00037729	0.60806	0.44952	-0.02633	0.050865	0.15446	0.18836	-0.016721	-0.05962	0.41975	0.37742	-0.1014	-0.029726	0.39878	0.26994	0.020177	0.011188	0.1803	0.17969	-0.13275	-0.011454	-0.11767	-0.079524	0.15523	0.022792	0.15763	0.14448	0.12894	0.047552	0.16105	0.086833	-0.010476	0.20148	0.19615	0.077538	0.12617	0.13451	0.12266	-0.13353	0.071442	0.087636	-0.19379	-0.04363	-0.2006	-0.26009	-0.19623	-0.23884	0.021767	-0.11752	
 IFG_triangularis_R 	0.0018352	0.030605	-0.10576	0.080406	-0.23557	-0.0074188	0.20905	0.53779	0.27988	0.46108	0.39019	0.74246	0.26392	0.53906	0.57482	1	0.47619	0.45448	0.41108	0.56919	-0.011291	0.26076	0.057736	0.033845	-0.049958	0.091948	0.14026	-0.056311	0.23943	0.13225	0.468	0.75061	-0.13985	0.12249	0.10954	0.1479	0.034578	0.1968	0.18493	0.42685	-0.023768	-0.13552	0.38513	0.31091	-0.039178	-0.014465	0.18158	0.24076	-0.085592	0.071945	-0.029617	-0.13365	0.067272	0.076203	0.085776	0.043316	0.0091532	-0.039858	0.026924	-0.010618	0.0035858	0.31663	0.025396	0.063077	-0.0084213	0.1192	-0.013925	0.02866	0.055839	-0.031691	-0.0026634	-0.22995	-0.50758	-0.49337	-0.22865	-0.30745	0.053763	-0.085525	
 LFOG_L 	0.24118	0.18026	0.35445	0.34317	0.3284	0.33506	0.28856	0.24428	0.40734	0.32388	0.23033	0.20786	0.26743	0.25862	0.47424	0.47619	1	0.27355	0.57768	0.38037	0.31995	0.35941	0.1184	0.00433	0.048155	0.11705	0.21323	0.13061	0.15789	0.088124	0.4323	0.41652	0.06604	0.23002	0.16836	0.17891	0.031653	-0.015127	0.30744	0.3685	0.18984	-0.02019	0.43698	0.48577	0.011363	0.044055	0.22967	0.2378	0.05993	0.091617	0.087497	0.091924	0.25334	0.21553	0.15643	0.098619	0.40259	0.28498	0.13579	-0.043924	0.16174	0.43048	0.23801	0.19484	0.34265	0.2633	0.097923	-0.10679	0.10126	0.081662	0.028924	0.13315	-0.32063	-0.41663	-0.17469	-0.38492	0.026198	-0.0064045	
 LFOG_R 	0.165	0.1183	0.24222	0.30462	-0.0099143	0.20104	0.34328	0.41521	0.14698	0.27014	0.023792	0.33671	0.12675	0.30012	0.33977	0.45448	0.27355	1	0.21444	0.3766	0.25467	0.34239	-0.11608	-0.12572	-0.20209	-0.09363	0.11647	-0.0071678	-0.11983	-0.095283	0.40601	0.58676	-0.056419	0.12174	0.00056264	0.022343	-0.12392	0.040097	0.42461	0.42484	0.095105	0.26324	0.35247	0.20418	0.067707	0.077496	0.13679	0.12946	0.096082	0.09546	-0.016959	-0.035951	0.14243	0.088096	0.089338	0.017164	0.23832	0.26043	0.011344	0.11789	0.19538	0.28056	-0.02776	0.1902	0.17885	0.25745	-0.10945	-0.014638	0.11075	0.065776	-0.077521	-0.20022	-0.10522	-0.17694	-0.2691	-0.21056	-0.025773	-0.11699	
 MFOG_L 	-0.0042221	-0.16156	0.22503	0.11033	0.13376	0.14768	0.066894	0.035555	0.36305	0.23806	0.019932	0.12844	-0.049372	0.13743	0.27373	0.41108	0.57768	0.21444	1	0.59778	0.34677	0.4312	0.032858	-0.042738	-0.082576	-0.11296	0.15339	0.050338	-0.10853	-0.16465	0.47912	0.41602	-0.022967	0.059165	0.093866	0.12906	-0.14739	-0.069405	0.19176	0.11835	0.16288	-0.12635	0.25921	0.25504	-0.019174	0.04946	0.19787	0.18716	0.048421	0.098765	0.057469	0.00092415	0.15552	0.12349	0.031768	-0.058214	0.51045	0.30847	-0.051432	-0.024958	0.307	0.47246	0.20446	0.19646	0.3564	0.25307	0.04024	0.0049165	-0.061637	-0.055168	-0.11762	-0.090378	-0.32988	-0.32768	-0.10958	-0.3446	-0.18376	-0.22453	
 MFOG_R 	-0.18822	-0.066395	-0.010165	0.047559	-0.018801	0.16065	-0.0576	0.17769	0.13051	0.28136	-0.025475	0.39067	-0.11302	0.22735	0.1985	0.56919	0.38037	0.3766	0.59778	1	0.27762	0.47463	0.14321	0.084965	0.0055728	0.078739	-0.020597	0.049412	-0.018169	0.10043	0.23641	0.48134	-0.24083	-0.048413	0.14223	0.14014	0.091235	0.093665	0.12365	0.2631	0.36167	0.12522	0.3338	0.38443	0.047567	0.1789	0.013389	0.074565	-0.061499	0.078062	0.059036	0.028601	-0.036425	-0.038908	0.031868	-0.016991	0.13269	0.046944	-0.1515	-0.098842	0.17586	0.43738	0.011632	-0.037809	0.084242	0.059399	0.090932	0.14967	-0.095871	-0.15146	0.064328	-0.15592	-0.31635	-0.34387	-0.10577	-0.2408	-0.26147	-0.24933	
 RG_L 	0.12346	-0.024926	0.53477	0.38628	0.49897	0.46901	0.16529	-0.089543	0.28156	-0.040491	-0.024806	-0.28221	0.035076	-0.14873	0.14651	-0.011291	0.31995	0.25467	0.34677	0.27762	1	0.7508	0.060627	0.064431	-0.03578	-0.013513	0.059951	0.093584	-0.22225	-0.25792	0.37746	0.11242	0.07145	0.091198	0.01667	0.032761	0.080077	-0.08791	0.31004	0.11878	0.37312	0.40424	0.27965	0.38076	0.10776	0.13669	0.14346	0.066035	0.14421	0.11935	0.036609	0.12031	0.17225	0.092993	0.17759	0.029812	0.71732	0.58783	0.19232	0.32586	0.48051	0.43693	0.08875	0.18714	0.47971	0.34744	-0.13384	-0.40123	-0.091282	-0.080905	0.13593	0.3208	-0.086627	-0.12691	-0.26796	-0.17912	-0.17552	-0.19603	
 RG_R 	0.035438	-0.045738	0.35574	0.45328	0.33174	0.46184	0.16183	0.20216	0.32235	0.23508	-0.12449	-0.11711	-0.11123	-0.11075	0.13565	0.26076	0.35941	0.34239	0.4312	0.47463	0.7508	1	0.0098158	-0.021724	-0.12844	-0.10354	0.057943	-0.0072754	-0.26009	-0.3629	0.45269	0.43577	0.18181	0.31917	-0.038401	-0.05306	-0.023493	-0.062276	0.21732	0.23295	0.25595	0.28716	0.19306	0.24748	0.066706	0.12454	0.24538	0.20047	0.22657	0.26725	0.066462	0.081594	0.34281	0.33787	0.29005	0.082402	0.63829	0.64157	0.084586	0.26065	0.39568	0.53777	0.096685	0.30471	0.51063	0.54279	-0.29727	-0.41058	-0.015292	-0.025796	0.077097	0.20801	-0.30918	-0.28873	-0.33766	-0.24746	-0.088933	-0.0688	
 PoCG_L 	0.36109	0.43452	-0.017996	0.086138	0.067453	0.20813	0.16063	0.060721	0.15072	-0.031235	0.39677	0.036705	0.29027	0.12967	0.15954	0.057736	0.1184	-0.11608	0.032858	0.14321	0.060627	0.0098158	1	0.84999	0.93532	0.80678	0.50805	0.65348	0.51821	0.5319	-0.013135	-0.088866	0.091397	0.073546	0.68778	0.62208	0.33277	-0.063046	0.18918	0.22455	0.28122	0.17549	0.3678	0.30373	0.33857	0.52774	0.25074	0.39369	0.24424	0.37986	0.57134	0.6043	0.056545	0.11448	0.35965	0.51712	-0.089949	-0.17181	0.20887	-0.067554	-0.13494	0.012864	0.33919	-0.1084	0.043354	0.056791	0.54384	0.22112	0.28815	0.3459	-0.21616	-0.22273	0.014486	-0.062434	-0.058417	-0.041593	0.11409	-0.049557	
 PoCG_R 	0.34519	0.46408	0.045991	0.10796	0.14584	0.20867	0.093179	0.04485	-0.035233	-0.091572	0.34972	0.062086	0.23957	0.081811	0.074168	0.033845	0.00433	-0.12572	-0.042738	0.084965	0.064431	-0.021724	0.84999	1	0.82904	0.8873	0.44154	0.68076	0.45149	0.60382	-0.0051341	-0.087308	0.12033	0.10731	0.62298	0.60854	0.31145	0.02718	0.18804	0.18149	0.38217	0.2447	0.36707	0.40628	0.35759	0.51354	0.28971	0.44232	0.25937	0.32086	0.54584	0.59224	0.01516	0.043697	0.35469	0.47591	-0.077756	-0.18725	0.21808	-0.075444	-0.081321	-0.024794	0.35234	-0.036163	0.093134	0.11032	0.50004	0.25422	0.25245	0.24415	-0.18688	-0.23019	0.074569	0.05525	-0.16783	-0.041681	0.10845	0.061947	
 PrCG_L 	0.42786	0.45512	-0.054556	0.011435	0.022677	0.14699	0.14603	-0.029325	0.10299	-0.11656	0.42938	-0.015706	0.3395	0.1098	0.17938	-0.049958	0.048155	-0.20209	-0.082576	0.0055728	-0.03578	-0.12844	0.93532	0.82904	1	0.83173	0.42645	0.54213	0.56752	0.54419	-0.078731	-0.21467	0.073473	0.0041607	0.67954	0.60025	0.36355	-0.032385	0.18055	0.17989	0.22727	0.1496	0.2939	0.19631	0.32298	0.46036	0.16496	0.29343	0.15257	0.26462	0.48342	0.52172	-0.0049972	0.031535	0.31553	0.47139	-0.18603	-0.25283	0.23532	-0.082068	-0.20008	-0.091178	0.37508	-0.14716	-0.051291	-0.023554	0.62961	0.27955	0.20933	0.27558	-0.24135	-0.18028	0.14448	0.074747	0.033846	0.024679	0.095153	-0.051546	
 PrCG_R 	0.3769	0.59551	0.045282	0.14785	0.14131	0.24937	0.14523	0.13723	0.011059	0.043683	0.41571	0.19112	0.30315	0.19349	0.15623	0.091948	0.11705	-0.09363	-0.11296	0.078739	-0.013513	-0.10354	0.80678	0.8873	0.83173	1	0.37831	0.56473	0.58317	0.72723	-0.025098	-0.026321	0.052814	0.096363	0.63412	0.59907	0.37232	0.080454	0.20918	0.28334	0.36139	0.20423	0.39515	0.43662	0.26306	0.42959	0.13572	0.32494	0.12389	0.2294	0.42275	0.55481	-0.022759	0.00846	0.29733	0.43795	-0.15928	-0.2048	0.18012	-0.16385	-0.14481	-0.039479	0.33345	-0.048167	0.0065523	0.025544	0.60129	0.33892	0.23577	0.21637	-0.09872	-0.21191	0.17657	0.071334	-0.096595	-0.0039773	0.13567	0.10769	
 SPG_L 	0.55	0.40851	0.33486	0.40629	0.207	0.37429	0.6079	0.45168	0.27252	0.17884	0.23648	-0.1161	0.33367	0.045632	0.27774	0.14026	0.21323	0.11647	0.15339	-0.020597	0.059951	0.057943	0.50805	0.44154	0.42645	0.37831	1	0.71654	0.34022	0.20372	0.50176	0.25926	0.61474	0.54628	0.37013	0.43926	-0.002866	0.0069518	0.5033	0.47661	0.23346	0.11978	0.53183	0.37379	0.57282	0.55141	0.72811	0.65655	0.59349	0.4775	0.62714	0.58914	0.57214	0.51934	0.55777	0.66689	0.20568	0.17427	0.21875	-0.10203	0.085669	0.11746	0.5753	0.46777	0.52408	0.56851	0.15192	-0.15608	0.71849	0.79329	-0.38498	-0.22883	-0.10855	-0.20551	-0.20089	-0.15903	0.31256	0.12458	
 SPG_R 	0.30442	0.3382	0.27187	0.26124	0.27724	0.35777	0.35197	0.16633	-0.041322	-0.04321	0.033869	-0.18511	0.2106	-0.10759	0.022594	-0.056311	0.13061	-0.0071678	0.050338	0.049412	0.093584	-0.0072754	0.65348	0.68076	0.54213	0.56473	0.71654	1	0.23046	0.4344	0.14999	0.010851	0.3242	0.26826	0.51883	0.53901	0.078374	-0.11775	0.48785	0.37771	0.45431	0.27205	0.52422	0.51293	0.51499	0.59537	0.58153	0.66737	0.52028	0.4667	0.69482	0.74637	0.32795	0.30786	0.46056	0.6054	0.045274	-0.062714	0.12605	-0.16063	0.031168	0.14139	0.28272	0.071108	0.41546	0.35941	0.18657	-0.03853	0.55889	0.57262	-0.21692	-0.23798	2.2472e-05	-0.13518	-0.22757	-0.055249	0.12614	0.076857	
 SMG_L 	0.30981	0.41546	-0.22351	-0.051379	-0.17979	-0.081301	0.11627	0.14779	0.11822	0.11373	0.64565	0.30959	0.38593	0.37472	0.29238	0.23943	0.15789	-0.11983	-0.10853	-0.018169	-0.22225	-0.26009	0.51821	0.45149	0.56752	0.58317	0.34022	0.23046	1	0.68234	-0.035038	-0.068299	0.13075	0.13166	0.50681	0.56991	0.40463	0.1641	0.029844	0.31514	0.072784	-0.06284	0.26595	0.22123	0.23603	0.25424	0.12949	0.17912	-0.031088	0.02427	0.15718	0.24213	0.021383	-0.0089039	0.18916	0.37019	-0.29662	-0.24856	0.15806	-0.11299	-0.20347	-0.14536	0.34635	-0.039078	-0.09427	-0.04853	0.63315	0.39581	0.22286	0.25346	-0.25484	-0.30198	-0.030738	-0.080322	0.047773	-2.3563e-05	0.22339	0.078277	
 SMG_R 	0.10577	0.40531	-0.1516	-0.043369	-0.031066	0.011383	-0.091151	0.097595	-0.25884	0.026183	0.35865	0.37701	0.24371	0.31941	-0.00037729	0.13225	0.088124	-0.095283	-0.16465	0.10043	-0.25792	-0.3629	0.5319	0.60382	0.54419	0.72723	0.20372	0.4344	0.68234	1	-0.25074	-0.081553	-0.091322	-0.03479	0.54638	0.5556	0.40362	0.10196	0.085428	0.25799	0.35035	0.064349	0.33679	0.41275	0.14341	0.26059	0.044695	0.16555	-0.013219	0.0064523	0.27995	0.38674	-0.11841	-0.12598	0.11252	0.30298	-0.42152	-0.43449	0.044844	-0.26667	-0.20853	-0.17248	0.070666	-0.24961	-0.18868	-0.21879	0.5514	0.54751	0.19152	0.11932	-0.13785	-0.31903	0.091544	0.0061851	0.058638	0.041602	0.11667	0.065519	
 AG_L 	0.52169	0.1497	0.55625	0.46922	0.21328	0.28921	0.70894	0.51614	0.53458	0.35828	0.23454	0.089824	0.32226	0.11568	0.60806	0.468	0.4323	0.40601	0.47912	0.23641	0.37746	0.45269	-0.013135	-0.0051341	-0.078731	-0.025098	0.50176	0.14999	-0.035038	-0.25074	1	0.73079	0.37131	0.45175	-0.024895	0.010597	-0.16534	-0.015479	0.57287	0.41526	0.12426	0.06	0.49312	0.35169	0.16497	0.10641	0.48554	0.38575	0.29578	0.25037	0.067415	0.11106	0.45068	0.34154	0.34635	0.20306	0.55547	0.47891	0.1695	0.19491	0.28903	0.36304	0.33503	0.5199	0.5801	0.58305	-0.18789	-0.41412	0.28495	0.30909	-0.15963	-0.027587	-0.25905	-0.31608	-0.38502	-0.30145	0.025439	-0.04954	
 AG_R 	0.18397	0.12184	0.24887	0.36832	0.0086143	0.18213	0.46138	0.72112	0.37584	0.63942	0.085794	0.45519	0.10698	0.27052	0.44952	0.75061	0.41652	0.58676	0.41602	0.48134	0.11242	0.43577	-0.088866	-0.087308	-0.21467	-0.026321	0.25926	0.010851	-0.068299	-0.081553	0.73079	1	0.10799	0.4088	-0.028916	-0.027751	-0.17278	0.032419	0.36106	0.46109	0.063193	-0.017466	0.39558	0.31698	-0.01589	0.026866	0.30266	0.29365	0.17164	0.25064	0.019923	-0.007374	0.27591	0.26381	0.20764	0.080907	0.26447	0.28242	0.01896	0.07249	0.16936	0.40397	0.078252	0.35838	0.30439	0.43237	-0.26602	-0.21732	0.23855	0.14363	0.010123	-0.1369	-0.42951	-0.45557	-0.42452	-0.32071	0.11177	0.013456	
 PrCu_L 	0.53873	0.35508	0.39506	0.48385	0.34001	0.33648	0.50709	0.42438	0.29058	0.29205	-0.043038	-0.39148	-0.083209	-0.31807	-0.02633	-0.13985	0.06604	-0.056419	-0.022967	-0.24083	0.07145	0.18181	0.091397	0.12033	0.073473	0.052814	0.61474	0.3242	0.13075	-0.091322	0.37131	0.10799	1	0.89346	0.00086224	0.079871	-0.18467	-0.053556	0.15909	0.20074	-0.028322	0.046025	0.059315	0.0068796	0.39239	0.33714	0.68432	0.47674	0.70365	0.48318	0.38944	0.45242	0.72488	0.68156	0.59267	0.53325	0.381	0.4533	0.19966	0.0062906	0.072557	-0.083735	0.59901	0.62589	0.70516	0.74876	-0.19263	-0.28533	0.60362	0.6799	-0.30946	0.0027001	-0.06879	-0.032387	-0.13952	-0.05388	0.32798	0.31349	
 PrCu_R 	0.49097	0.42343	0.37867	0.55973	0.34647	0.3781	0.51523	0.63445	0.33926	0.51836	-0.045274	-0.15144	-0.13811	-0.20931	0.050865	0.12249	0.23002	0.12174	0.059165	-0.048413	0.091198	0.31917	0.073546	0.10731	0.0041607	0.096363	0.54628	0.26826	0.13166	-0.03479	0.45175	0.4088	0.89346	1	0.011898	0.081641	-0.15455	-0.0055865	0.18453	0.34788	0.0003611	0.038345	0.10629	0.10142	0.29816	0.30524	0.63077	0.5016	0.65543	0.53749	0.34852	0.40145	0.69271	0.69052	0.57331	0.48722	0.40254	0.50291	0.14795	0.033965	0.074296	0.05597	0.5477	0.6554	0.69678	0.80332	-0.24781	-0.28073	0.58088	0.58867	-0.23289	-0.033575	-0.25085	-0.18767	-0.29361	-0.1186	0.38065	0.32933	
 STG_L 	0.18526	0.20639	-0.096145	0.015939	0.062897	0.16069	0.16557	0.069664	0.095794	0.084295	0.30405	0.083997	0.23544	0.12851	0.15446	0.10954	0.16836	0.00056264	0.093866	0.14223	0.01667	-0.038401	0.68778	0.62298	0.67954	0.63412	0.37013	0.51883	0.50681	0.54638	-0.024895	-0.028916	0.00086224	0.011898	1	0.89067	0.48596	0.044842	0.29551	0.3771	0.35352	0.095925	0.40837	0.29783	0.35625	0.53053	0.2297	0.42665	0.26296	0.39948	0.52813	0.53889	0.15029	0.21058	0.39513	0.53164	-0.15726	-0.15597	0.057002	-0.12142	0.024421	0.16706	0.22335	-0.12937	0.029899	0.085512	0.5218	0.38721	0.29165	0.30477	-0.19295	-0.26121	0.042625	-0.11163	-0.011267	-0.062526	0.078542	0.0025309	
 STG_R 	0.15306	0.23461	-0.11109	0.0054803	0.013592	0.11095	0.16584	0.10655	0.090177	0.10918	0.3457	0.11173	0.21082	0.15779	0.18836	0.1479	0.17891	0.022343	0.12906	0.14014	0.032761	-0.05306	0.62208	0.60854	0.60025	0.59907	0.43926	0.53901	0.56991	0.5556	0.010597	-0.027751	0.079871	0.081641	0.89067	1	0.43431	0.10834	0.26847	0.43395	0.28345	0.057951	0.37247	0.31031	0.36617	0.47645	0.32374	0.44986	0.24435	0.3192	0.46091	0.46677	0.22211	0.22269	0.39167	0.52801	-0.12431	-0.13292	0.14459	-0.16257	0.014156	0.16521	0.31643	-0.031323	0.14032	0.16638	0.46843	0.39219	0.34405	0.34222	-0.26464	-0.30094	-0.047753	-0.10875	-0.056485	-0.049009	0.097226	0.062876	
 STG_L_pole 	0.0096745	0.1755	-0.10542	-0.0042165	0.07674	0.077437	-0.19648	-0.13223	-0.16491	-0.20115	0.19873	0.21567	0.24791	0.14447	-0.016721	0.034578	0.031653	-0.12392	-0.14739	0.091235	0.080077	-0.023493	0.33277	0.31145	0.36355	0.37232	-0.002866	0.078374	0.40463	0.40362	-0.16534	-0.17278	-0.18467	-0.15455	0.48596	0.43431	1	0.61377	0.088644	0.21823	0.31557	0.28327	0.21161	0.28196	0.17032	0.21327	-0.18034	-0.025976	-0.1267	-0.011871	0.19417	0.18422	-0.1949	-0.14405	0.044026	0.097748	-0.18949	-0.17006	0.11023	0.098145	-0.051134	0.052875	-0.035398	-0.30733	-0.20624	-0.18583	0.43389	0.2945	-0.16325	-0.14191	0.066914	-0.0023273	0.11293	0.074778	0.1434	0.087366	-0.15522	-0.13369	
 STG_R_pole 	-0.10813	0.15827	-0.060416	0.15509	0.11983	0.23552	-0.16147	0.10392	-0.27737	-0.088776	0.018262	0.32071	0.065251	0.21154	-0.05962	0.1968	-0.015127	0.040097	-0.069405	0.093665	-0.08791	-0.062276	-0.063046	0.02718	-0.032385	0.080454	0.0069518	-0.11775	0.1641	0.10196	-0.015479	0.032419	-0.053556	-0.0055865	0.044842	0.10834	0.61377	1	-0.0061361	0.25824	0.11637	0.18549	0.059887	0.082835	0.16578	0.1015	-0.092962	0.018596	-0.089971	-0.063567	0.063417	-0.020179	-0.064618	0.014762	0.029641	0.04273	-0.14034	-0.090659	-0.02573	0.096696	0.046981	0.11235	-0.070632	-0.11988	-0.13797	-0.033274	0.20471	0.24958	-0.12569	-0.14308	0.016425	-0.081053	0.098818	0.073131	0.10421	0.10461	-0.1482	0.028597	
 MTG_L 	0.45702	0.16626	0.46222	0.36776	0.19422	0.33715	0.64187	0.30419	0.016884	-0.090077	0.081473	-0.029109	0.46839	0.04321	0.41975	0.18493	0.30744	0.42461	0.19176	0.12365	0.31004	0.21732	0.18918	0.18804	0.18055	0.20918	0.5033	0.48785	0.029844	0.085428	0.57287	0.36106	0.15909	0.18453	0.29551	0.26847	0.088644	-0.0061361	1	0.69422	0.43913	0.34098	0.62432	0.50647	0.51658	0.47856	0.45919	0.4159	0.41057	0.39538	0.4061	0.45437	0.34185	0.28095	0.43706	0.40377	0.17691	0.037428	0.0039723	-0.058215	0.13412	0.21473	0.044992	0.076194	0.47149	0.44769	-0.01346	-0.28034	0.26672	0.29126	-0.17413	-0.18908	0.049119	-0.13683	-0.34936	-0.11043	-0.027607	-0.069711	
 MTG_R 	0.31194	0.36523	0.27358	0.48156	0.13418	0.42121	0.51158	0.57024	-0.020786	0.16279	0.13292	0.28205	0.32728	0.28734	0.37742	0.42685	0.3685	0.42484	0.11835	0.2631	0.11878	0.23295	0.22455	0.18149	0.17989	0.28334	0.47661	0.37771	0.31514	0.25799	0.41526	0.46109	0.20074	0.34788	0.3771	0.43395	0.21823	0.25824	0.69422	1	0.41037	0.35035	0.47161	0.47793	0.46308	0.39393	0.41285	0.41765	0.32853	0.31468	0.31632	0.30482	0.38012	0.37225	0.42282	0.45137	-0.018883	0.056915	0.0050711	-0.068946	0.10818	0.34454	0.11186	0.1537	0.38526	0.47944	0.065868	-0.042364	0.36016	0.34407	-0.15786	-0.29029	-0.16133	-0.29387	-0.26935	-0.04888	0.11116	0.18421	
 MTG_L_pole 	0.071437	0.28525	0.41803	0.43874	0.45877	0.52753	0.11584	0.055491	-0.26809	-0.10593	-0.14351	-0.015742	0.012285	-0.072	-0.1014	-0.023768	0.18984	0.095105	0.16288	0.36167	0.37312	0.25595	0.28122	0.38217	0.22727	0.36139	0.23346	0.45431	0.072784	0.35035	0.12426	0.063193	-0.028322	0.0003611	0.35352	0.28345	0.31557	0.11637	0.43913	0.41037	1	0.61689	0.49466	0.6337	0.38875	0.43181	0.18629	0.19209	0.19785	0.13469	0.36086	0.42111	0.090324	0.079097	0.22598	0.27799	0.15043	0.12006	0.011034	-0.097485	0.41435	0.40436	0.056402	-0.011163	0.25328	0.15967	0.19517	0.067301	0.16653	0.11689	0.14247	0.048971	0.060815	-0.11358	-0.082356	-0.027012	-0.06376	0.013604	
 MTG_R_pole 	0.15931	0.40944	0.41842	0.45868	0.32757	0.42772	0.14164	0.065572	-0.20246	-0.18065	-0.19751	-0.12321	0.02453	-0.16134	-0.029726	-0.13552	-0.02019	0.26324	-0.12635	0.12522	0.40424	0.28716	0.17549	0.2447	0.1496	0.20423	0.11978	0.27205	-0.06284	0.064349	0.06	-0.017466	0.046025	0.038345	0.095925	0.057951	0.28327	0.18549	0.34098	0.35035	0.61689	1	0.2493	0.41502	0.21587	0.22533	0.039695	0.026849	0.10712	-0.0040627	0.1236	0.18385	-0.019541	-0.051827	0.11961	0.14992	0.18841	0.22983	0.052709	0.14745	0.27162	0.22741	-0.0051416	0.001219	0.16359	0.17164	0.034465	-0.089659	0.0064677	0.0043652	0.1885	0.17076	0.17204	0.090466	-0.051181	0.14884	-0.037565	0.10176	
 ITG_L 	0.32876	0.22922	0.35685	0.33438	0.24151	0.30677	0.45224	0.31439	0.15089	0.08457	0.40287	0.21577	0.56421	0.34728	0.39878	0.38513	0.43698	0.35247	0.25921	0.3338	0.27965	0.19306	0.3678	0.36707	0.2939	0.39515	0.53183	0.52422	0.26595	0.33679	0.49312	0.39558	0.059315	0.10629	0.40837	0.37247	0.21161	0.059887	0.62432	0.47161	0.49466	0.2493	1	0.76911	0.35668	0.41009	0.40351	0.40961	0.21953	0.21499	0.35808	0.41955	0.16888	0.14939	0.33247	0.34377	0.17571	0.035689	0.1842	-0.022947	0.15311	0.31458	0.19937	0.127	0.2497	0.20079	0.2091	-0.09203	0.29244	0.27083	-0.1175	-0.17969	-0.096219	-0.31547	-0.26714	-0.33962	0.02398	-0.13538	
 ITG_R 	0.19757	0.29763	0.4305	0.36757	0.35701	0.34075	0.24585	0.20399	0.00783	0.019604	0.21945	0.20151	0.3608	0.19177	0.26994	0.31091	0.48577	0.20418	0.25504	0.38443	0.38076	0.24748	0.30373	0.40628	0.19631	0.43662	0.37379	0.51293	0.22123	0.41275	0.35169	0.31698	0.0068796	0.10142	0.29783	0.31031	0.28196	0.082835	0.50647	0.47793	0.6337	0.41502	0.76911	1	0.27769	0.31557	0.26419	0.28469	0.11066	0.082708	0.25827	0.34837	0.10895	0.03173	0.21557	0.21887	0.22406	0.080046	0.13783	-0.062399	0.16263	0.31113	0.10487	0.1028	0.31469	0.21061	0.15722	-0.12699	0.16565	0.11422	0.061648	-0.043815	-0.20216	-0.29584	-0.30173	-0.22763	0.014919	0.0077573	
 FuG_L 	0.31295	0.11699	0.097821	0.21419	0.12661	0.30722	0.35411	0.21124	-0.1666	-0.14524	0.065994	-0.1648	0.1315	-0.18693	0.020177	-0.039178	0.011363	0.067707	-0.019174	0.047567	0.10776	0.066706	0.33857	0.35759	0.32298	0.26306	0.57282	0.51499	0.23603	0.14341	0.16497	-0.01589	0.39239	0.29816	0.35625	0.36617	0.17032	0.16578	0.51658	0.46308	0.38875	0.21587	0.35668	0.27769	1	0.86797	0.54794	0.38544	0.64339	0.58424	0.74086	0.63589	0.43944	0.4799	0.67432	0.71877	-0.032186	-0.058369	-0.0025065	-0.18863	0.14713	0.037792	0.22307	0.013579	0.42135	0.46996	0.22415	-0.04436	0.4605	0.48611	-0.26508	-0.18644	0.055544	-0.17947	-0.174	-0.17098	0.16069	0.082541	
 FuG_R 	0.28101	0.14521	0.039871	0.16104	0.16988	0.31831	0.33629	0.21276	-0.097355	-0.051974	0.057268	-0.13892	0.058656	-0.1657	0.011188	-0.014465	0.044055	0.077496	0.04946	0.1789	0.13669	0.12454	0.52774	0.51354	0.46036	0.42959	0.55141	0.59537	0.25424	0.26059	0.10641	0.026866	0.33714	0.30524	0.53053	0.47645	0.21327	0.1015	0.47856	0.39393	0.43181	0.22533	0.41009	0.31557	0.86797	1	0.50644	0.4908	0.67044	0.74318	0.82248	0.78864	0.40585	0.48187	0.71128	0.77709	-0.039095	-0.094096	-0.1179	-0.24901	0.10811	0.073064	0.23427	-0.060683	0.36958	0.43003	0.29039	0.073276	0.40893	0.44031	-0.31396	-0.25173	0.067722	-0.15382	-0.20044	-0.10572	0.10238	-0.014767	
 SOG_L 	0.34645	0.17199	0.30063	0.4048	0.2108	0.2795	0.54498	0.42146	0.19306	0.24059	0.09986	-0.16013	0.14653	-0.049669	0.1803	0.18158	0.22967	0.13679	0.19787	0.013389	0.14346	0.24538	0.25074	0.28971	0.16496	0.13572	0.72811	0.58153	0.12949	0.044695	0.48554	0.30266	0.68432	0.63077	0.2297	0.32374	-0.18034	-0.092962	0.45919	0.41285	0.18629	0.039695	0.40351	0.26419	0.54794	0.50644	1	0.79378	0.7699	0.61084	0.61732	0.5678	0.69796	0.67876	0.65254	0.65253	0.28958	0.23319	0.16666	-0.10889	0.10606	0.10723	0.41351	0.41572	0.63917	0.66772	-0.19463	-0.32714	0.64021	0.64957	-0.3661	-0.1931	-0.26563	-0.30325	-0.36554	-0.29357	0.17634	0.0989	
 SOG_R 	0.25415	0.19365	0.14757	0.27795	0.16653	0.29846	0.39626	0.31238	0.11878	0.17276	0.086256	-0.044278	0.15293	0.062383	0.17969	0.24076	0.2378	0.12946	0.18716	0.074565	0.066035	0.20047	0.39369	0.44232	0.29343	0.32494	0.65655	0.66737	0.17912	0.16555	0.38575	0.29365	0.47674	0.5016	0.42665	0.44986	-0.025976	0.018596	0.4159	0.41765	0.19209	0.026849	0.40961	0.28469	0.38544	0.4908	0.79378	1	0.6025	0.64682	0.62361	0.63321	0.58059	0.62411	0.58417	0.64626	0.16507	0.11554	0.025001	-0.10288	-0.0043165	0.19268	0.44878	0.30653	0.44319	0.5414	-0.036233	-0.14367	0.49041	0.51854	-0.38945	-0.33843	-0.24713	-0.18835	-0.36264	-0.13773	0.058356	-0.014434	
 MOG_L 	0.35349	0.14351	0.3185	0.42471	0.3021	0.34299	0.4822	0.38889	0.11825	0.19072	-0.15046	-0.33891	-0.055481	-0.27418	-0.13275	-0.085592	0.05993	0.096082	0.048421	-0.061499	0.14421	0.22657	0.24424	0.25937	0.15257	0.12389	0.59349	0.52028	-0.031088	-0.013219	0.29578	0.17164	0.70365	0.65543	0.26296	0.24435	-0.1267	-0.089971	0.41057	0.32853	0.19785	0.10712	0.21953	0.11066	0.64339	0.67044	0.7699	0.6025	1	0.84708	0.78068	0.73416	0.68194	0.75291	0.74132	0.67656	0.2527	0.2263	-0.034413	-0.10116	0.11524	-0.0066393	0.29885	0.30185	0.6523	0.69395	-0.17473	-0.24412	0.6284	0.64311	-0.26433	-0.082193	-0.05535	-0.19184	-0.28593	-0.17549	0.291	0.22468	
 MOG_R 	0.28545	0.059069	0.092397	0.22087	0.16739	0.26228	0.4291	0.35539	0.17194	0.21529	-0.04113	-0.19925	-0.024493	-0.18684	-0.011454	0.071945	0.091617	0.09546	0.098765	0.078062	0.11935	0.26725	0.37986	0.32086	0.26462	0.2294	0.4775	0.4667	0.02427	0.0064523	0.25037	0.25064	0.48318	0.53749	0.39948	0.3192	-0.011871	-0.063567	0.39538	0.31468	0.13469	-0.0040627	0.21499	0.082708	0.58424	0.74318	0.61084	0.64682	0.84708	1	0.80504	0.77542	0.55598	0.71769	0.72782	0.69124	0.16025	0.08742	-0.1097	-0.10624	-0.0087343	0.03562	0.26483	0.1351	0.48266	0.58336	-0.064946	-0.16534	0.44257	0.46669	-0.2807	-0.20291	-0.11764	-0.20368	-0.31371	-0.13085	0.24734	0.10033	
 IOG_L 	0.25911	0.1736	0.10067	0.23331	0.22326	0.34682	0.25554	0.19966	-0.079707	-0.025459	0.0058562	-0.18354	0.079983	-0.14941	-0.11767	-0.029617	0.087497	-0.016959	0.057469	0.059036	0.036609	0.066462	0.57134	0.54584	0.48342	0.42275	0.62714	0.69482	0.15718	0.27995	0.067415	0.019923	0.38944	0.34852	0.52813	0.46091	0.19417	0.063417	0.4061	0.31632	0.36086	0.1236	0.35808	0.25827	0.74086	0.82248	0.61732	0.62361	0.78068	0.80504	1	0.87021	0.43838	0.57271	0.66828	0.73654	0.020855	-0.074371	-0.012166	-0.18173	0.0054286	0.038944	0.28943	0.010753	0.34299	0.40437	0.18939	-0.013056	0.53705	0.56118	-0.27517	-0.20318	-0.03955	-0.20309	-0.18018	-0.18775	0.21369	0.087359	
 IOG_R 	0.36269	0.31972	0.24316	0.31232	0.34496	0.41014	0.34723	0.18245	-0.010875	-0.0058284	0.056009	-0.21909	0.12759	-0.18031	-0.079524	-0.13365	0.091924	-0.035951	0.00092415	0.028601	0.12031	0.081594	0.6043	0.59224	0.52172	0.55481	0.58914	0.74637	0.24213	0.38674	0.11106	-0.007374	0.45242	0.40145	0.53889	0.46677	0.18422	-0.020179	0.45437	0.30482	0.42111	0.18385	0.41955	0.34837	0.63589	0.78864	0.5678	0.63321	0.73416	0.77542	0.87021	1	0.44594	0.55074	0.6611	0.7343	0.082665	-0.0014703	-0.0070678	-0.19547	0.0036691	-0.022218	0.3283	0.063278	0.42617	0.41091	0.22405	-0.012216	0.50193	0.54514	-0.26294	-0.22163	0.0961	-0.071639	-0.1635	-0.093647	0.19004	0.077219	
 Cu_L 	0.35769	0.16328	0.33506	0.48774	0.30107	0.42194	0.53954	0.50375	0.26209	0.31807	-0.054696	-0.25505	-0.050179	-0.18838	0.15523	0.067272	0.25334	0.14243	0.15552	-0.036425	0.17225	0.34281	0.056545	0.01516	-0.0049972	-0.022759	0.57214	0.32795	0.021383	-0.11841	0.45068	0.27591	0.72488	0.69271	0.15029	0.22211	-0.1949	-0.064618	0.34185	0.38012	0.090324	-0.019541	0.16888	0.10895	0.43944	0.40585	0.69796	0.58059	0.68194	0.55598	0.43838	0.44594	1	0.91195	0.80617	0.71058	0.36079	0.4269	0.11228	-0.034635	0.18984	0.1798	0.40623	0.45043	0.73129	0.77738	-0.21391	-0.28448	0.59	0.63537	-0.335	0.013712	-0.2385	-0.23241	-0.21895	-0.19067	0.20462	0.21475	
 Cu_R 	0.25973	0.13888	0.22251	0.48065	0.28284	0.44542	0.45895	0.49824	0.18395	0.29941	-0.076564	-0.22138	-0.092513	-0.17775	0.022792	0.076203	0.21553	0.088096	0.12349	-0.038908	0.092993	0.33787	0.11448	0.043697	0.031535	0.00846	0.51934	0.30786	-0.0089039	-0.12598	0.34154	0.26381	0.68156	0.69052	0.21058	0.22269	-0.14405	0.014762	0.28095	0.37225	0.079097	-0.051827	0.14939	0.03173	0.4799	0.48187	0.67876	0.62411	0.75291	0.71769	0.57271	0.55074	0.91195	1	0.81114	0.73754	0.27525	0.35359	0.042591	-0.055831	0.12116	0.15762	0.36575	0.3973	0.61869	0.73982	-0.19344	-0.24299	0.56534	0.60309	-0.30384	-0.052055	-0.23177	-0.2613	-0.17856	-0.1764	0.26828	0.25	
 LG_L 	0.46077	0.26258	0.20589	0.39178	0.24077	0.40008	0.53102	0.48772	0.1595	0.21599	0.1131	-0.18367	0.088383	-0.16999	0.15763	0.085776	0.15643	0.089338	0.031768	0.031868	0.17759	0.29005	0.35965	0.35469	0.31553	0.29733	0.55777	0.46056	0.18916	0.11252	0.34635	0.20764	0.59267	0.57331	0.39513	0.39167	0.044026	0.029641	0.43706	0.42282	0.22598	0.11961	0.33247	0.21557	0.67432	0.71128	0.65254	0.58417	0.74132	0.72782	0.66828	0.6611	0.80617	0.81114	1	0.89402	0.17428	0.16278	0.10991	-0.016884	0.073301	0.079898	0.356	0.17231	0.596	0.67675	0.036294	-0.17241	0.52804	0.53011	-0.31978	-0.052707	-0.11935	-0.23835	-0.30211	-0.24686	0.20007	0.19006	
 LG_R 	0.42979	0.33986	0.09373	0.30384	0.17467	0.38416	0.49187	0.43441	0.069047	0.15032	0.20259	-0.139	0.14805	-0.098436	0.14448	0.043316	0.098619	0.017164	-0.058214	-0.016991	0.029812	0.082402	0.51712	0.47591	0.47139	0.43795	0.66689	0.6054	0.37019	0.30298	0.20306	0.080907	0.53325	0.48722	0.53164	0.52801	0.097748	0.04273	0.40377	0.45137	0.27799	0.14992	0.34377	0.21887	0.71877	0.77709	0.65253	0.64626	0.67656	0.69124	0.73654	0.7343	0.71058	0.73754	0.89402	1	-0.009892	0.022261	0.090463	-0.13479	0.034793	0.030527	0.37847	0.10387	0.44179	0.52971	0.2271	0.0013218	0.59279	0.61416	-0.38808	-0.20122	-0.053697	-0.22505	-0.14931	-0.1326	0.21314	0.16813	
 rostral_ACC_L 	0.32359	0.12935	0.69356	0.54644	0.59037	0.43561	0.29755	0.10522	0.526	0.2819	-0.088877	-0.28386	-0.11076	-0.19813	0.12894	0.0091532	0.40259	0.23832	0.51045	0.13269	0.71732	0.63829	-0.089949	-0.077756	-0.18603	-0.15928	0.20568	0.045274	-0.29662	-0.42152	0.55547	0.26447	0.381	0.40254	-0.15726	-0.12431	-0.18949	-0.14034	0.17691	-0.018883	0.15043	0.18841	0.17571	0.22406	-0.032186	-0.039095	0.28958	0.16507	0.2527	0.16025	0.020855	0.082665	0.36079	0.27525	0.17428	-0.009892	1	0.85312	0.24909	0.34	0.39843	0.34546	0.38633	0.59206	0.63862	0.5048	-0.24226	-0.4354	0.12718	0.14882	0.062056	0.3262	-0.18298	-0.15667	-0.24347	-0.30359	0.051613	0.041195	
 rostral_ACC_R 	0.26924	0.2047	0.63685	0.63404	0.58356	0.5071	0.30104	0.2377	0.48517	0.40869	-0.1738	-0.25039	-0.23076	-0.27121	0.047552	-0.039858	0.28498	0.26043	0.30847	0.046944	0.58783	0.64157	-0.17181	-0.18725	-0.25283	-0.2048	0.17427	-0.062714	-0.24856	-0.43449	0.47891	0.28242	0.4533	0.50291	-0.15597	-0.13292	-0.17006	-0.090659	0.037428	0.056915	0.12006	0.22983	0.035689	0.080046	-0.058369	-0.094096	0.23319	0.11554	0.2263	0.08742	-0.074371	-0.0014703	0.4269	0.35359	0.16278	0.022261	0.85312	1	0.21252	0.34072	0.47915	0.4231	0.38064	0.71126	0.56656	0.54802	-0.26377	-0.34739	0.23823	0.27243	0.094467	0.31631	-0.16606	-0.19647	-0.17205	-0.20004	0.17997	0.17953	
 subcallosal_ACC_L 	0.37635	0.31806	0.28319	0.25108	0.20268	0.1353	0.21808	0.17964	0.22378	0.1108	0.34527	-0.015129	0.27394	0.025935	0.16105	0.026924	0.13579	0.011344	-0.051432	-0.1515	0.19232	0.084586	0.20887	0.21808	0.23532	0.18012	0.21875	0.12605	0.15806	0.044844	0.1695	0.01896	0.19966	0.14795	0.057002	0.14459	0.11023	-0.02573	0.0039723	0.0050711	0.011034	0.052709	0.1842	0.13783	-0.0025065	-0.1179	0.16666	0.025001	-0.034413	-0.1097	-0.012166	-0.0070678	0.11228	0.042591	0.10991	0.090463	0.24909	0.21252	1	0.38524	0.052552	0.019873	0.28455	0.25507	0.19251	0.15102	0.096521	-0.12789	0.17291	0.12685	0.024496	0.15029	-0.1144	-0.13146	0.01023	-0.27572	0.24109	0.18525	
